9.075907639094760865e-03
8.420159476143973185e-03
7.795326369149343897e-03
7.202905246189662304e-03
6.642607791083199840e-03
6.118293149130684706e-03
5.641559021813529265e-03
5.215868098395211490e-03
4.837696552276611432e-03
4.485734701156616176e-03
4.148964371000017810e-03
3.864962203162057054e-03
3.611619131905692039e-03
3.314870595932007009e-03
3.066282442637852188e-03
2.831161703382219664e-03
2.637066074780055388e-03
2.434439233371189608e-03
2.257345659392220524e-03
2.085202336311340297e-03
1.919296469007219586e-03
1.766637904303414424e-03
1.614540900502886046e-03
1.480967104434967102e-03
1.352632982390267538e-03
1.234332067625863120e-03
1.123584083148411288e-03
9.796703713280813242e-04
8.990790588515145927e-04
8.272945455142429469e-04
7.656170853546687659e-04
7.078984805515834344e-04
6.575714051723480615e-04
6.130592950752802904e-04
5.752822543893541850e-04
5.445538461208343419e-04
5.170545194830213510e-04
4.940663916724068920e-04
4.752516107899802189e-04
4.549786661352430285e-04
4.386159351893833451e-04
4.225099086761474588e-04
4.068003169127873213e-04
3.914667772395270069e-04
3.764634685856955315e-04
3.618745505809784174e-04
3.471485099622181555e-04
3.331348832164492081e-04
3.194775645221982789e-04
3.058132635695593468e-04
2.892708565507616340e-04
2.763077723128455078e-04
2.636479160615375983e-04
2.511635848454066896e-04
2.389531582593917847e-04
2.268450920070920636e-04
2.151141741446086462e-04
2.036271403942789462e-04
1.923481481415884964e-04
1.814478210040501170e-04
1.707577598946434982e-04
1.603861578873225658e-04
1.490659000618117130e-04
1.391143192137990806e-04
1.296352169343403522e-04
1.203369402459689548e-04
1.114433844174657519e-04
1.024763046630791202e-04
9.436262239302907137e-05
8.681785049183027465e-05
7.853159414870398850e-05
7.175841767873083500e-05
6.538668647408485250e-05
5.942727572151593001e-05
5.378797916429383410e-05
4.866714190159525128e-05
4.271023108490875909e-05
3.865950341735567059e-05
3.506351794515337309e-05
3.180702216923236739e-05
2.815296075173786828e-05
2.591253590903111936e-05
2.395609393715858446e-05
2.232592818992478598e-05
2.096594510866063067e-05
1.966638191203985957e-05
1.868193736299872344e-05
1.772879556353602922e-05
1.685377742562975127e-05
1.603768140609775129e-05
1.526376698166132082e-05
1.449140753330928982e-05
1.375649540152932875e-05
1.305344198564333632e-05
1.237766517858420094e-05
1.174490009101906036e-05
1.116432906461081278e-05
1.057082304864057400e-05
9.998442837968468802e-06
8.838641390736614545e-06
