2.085545403616768934e-02
2.066951990127563477e-02
2.042796339307512490e-02
2.017617940902709933e-02
1.991722788129534141e-02
1.965428931372506169e-02
1.936196429388863799e-02
1.904624530247279665e-02
1.872379268918718601e-02
1.841215201786586264e-02
1.811873725482395642e-02
1.784109830856323367e-02
1.759195974894932346e-02
1.736784390040806494e-02
1.716582145009722116e-02
1.698130675724574337e-02
1.681105307170322957e-02
1.665237597056797719e-02
1.651548419679914337e-02
1.639877625874110526e-02
1.629018238612583644e-02
1.617702824728829356e-02
1.606512989316667694e-02
1.596372536250523222e-02
1.586543866566249295e-02
1.576586842536926297e-02
1.566440633365086266e-02
1.557258622986929832e-02
1.550001416887555883e-02
1.544163516589573508e-02
1.538694552012852268e-02
1.533496158463614270e-02
1.528729200363159249e-02
1.524093406541006911e-02
1.518559064183916396e-02
1.511940104620797254e-02
1.505564587456839458e-02
1.499865804399762824e-02
1.494277204786028171e-02
1.488590615136282762e-02
1.482788596834455283e-02
1.477210947445460783e-02
1.471928664616176108e-02
1.467070869037083274e-02
1.462841391563415513e-02
1.459079929760524232e-02
1.455682924815586594e-02
1.452313712665012982e-02
1.448685288429260240e-02
1.444551314626421265e-02
1.440687945910862529e-02
1.437108159065246527e-02
1.433835233960832796e-02
1.430916002818516386e-02
1.428167104721069294e-02
1.425987345831734865e-02
1.424153242792402033e-02
1.422402415956769590e-02
1.420314073562622091e-02
1.417934434754507950e-02
1.415671757289341595e-02
1.413624678339277067e-02
1.411348887852260058e-02
1.408851947103227815e-02
1.406413572175162219e-02
1.403921433857509109e-02
1.400981732777186774e-02
1.398226124899728043e-02
1.396038361958095060e-02
1.393938967159816245e-02
1.391521947724478660e-02
1.389205881527491929e-02
1.387602073805672791e-02
1.386537432670593289e-02
1.385408725057329406e-02
1.384104745728628912e-02
1.382588693073817654e-02
1.381210701806204720e-02
1.380464962550572057e-02
1.379968268530709467e-02
1.379226480211530499e-02
1.378131900514875142e-02
1.377164653369358609e-02
1.376239418983459493e-02
1.375130534172058078e-02
1.373965280396597689e-02
1.372637697628566189e-02
1.370998263359069803e-02
1.368946773665291952e-02
1.366068039621625568e-02
1.364360025950840487e-02
1.363473551613943874e-02
1.362589972359793539e-02
1.361695187432425402e-02
1.360838123730250850e-02
1.360136764390127914e-02
1.359590785843985475e-02
1.359133124351501534e-02
1.358720677239554260e-02
1.358315893581935399e-02
