3.422377273783354704e-04
2.688349217481320530e-04
2.126388699578507047e-04
1.682803306318914754e-04
1.324068402390345784e-04
1.064294310824950385e-04
8.564077131926556502e-05
7.156343401774115890e-05
5.904369918472321768e-05
5.128086589829391399e-05
4.498809552215554414e-05
3.920098923889877451e-05
3.508628581833961345e-05
3.158062329644437073e-05
2.800689800582883249e-05
2.232825805140120789e-05
2.031177377609340637e-05
1.855532679220904416e-05
1.692851854111913606e-05
1.541248825200073393e-05
1.416281383732319501e-05
1.315747255511829608e-05
1.227812019183926936e-05
1.162639104515847711e-05
1.099315935524318665e-05
1.049523420162651362e-05
9.780539178272799056e-06
9.377907706743768865e-06
8.907716382173417070e-06
8.524511196433811136e-06
8.236712088648829851e-06
7.964922636991504708e-06
7.737162703102754550e-06
7.537736520504631075e-06
7.361319400128953358e-06
7.210113770623817304e-06
7.016779913882906247e-06
6.868699405868144656e-06
6.760753075401072493e-06
6.657160479788872992e-06
6.558691663306553425e-06
6.465861696529674446e-06
6.374365245538798014e-06
6.269750791922871613e-06
6.181829245932607774e-06
6.093501697785755081e-06
6.006882793609174005e-06
5.882409055639282153e-06
5.797248871638895023e-06
5.712474978649053836e-06
5.628441405042162264e-06
5.544800765711464440e-06
5.461802322683153787e-06
5.380071732714665318e-06
5.299168736403322471e-06
5.217690331172263427e-06
5.137446083501665977e-06
5.058454507772805941e-06
4.977877987494371733e-06
4.898664007745900373e-06
4.819720753865977680e-06
4.742545227383878472e-06
4.666075517637896397e-06
4.590393317489089027e-06
4.517996117997112766e-06
4.446527942919226881e-06
4.376377438415300930e-06
4.308644422002302362e-06
4.241434177793913342e-06
4.177292215146149646e-06
4.113109151944336181e-06
4.050767136300178777e-06
3.988561054059799455e-06
3.928879386015713477e-06
3.872406064042397758e-06
3.816370138075396406e-06
3.760447696577730932e-06
3.705309783814170118e-06
3.650437871501033616e-06
3.597698045050120512e-06
3.544644070755350421e-06
3.492968598506255571e-06
3.442452470318663355e-06
3.393543158748882005e-06
3.347387372627672863e-06
3.302801128960979019e-06
3.261352138420509551e-06
3.222690787521185524e-06
3.185852676924556926e-06
3.152040780851003597e-06
3.118740119657966135e-06
3.087938763861841427e-06
3.058095853819283816e-06
3.029340051628602704e-06
3.001792356139272133e-06
2.976280217954922829e-06
2.950603698489040228e-06
2.926803454962547607e-06
2.905538344178604664e-06
2.884333835748147021e-06
