6.224914789199829240e-02
6.068147818247477537e-02
5.938239892323812080e-02
5.812538464864094867e-02
5.680435498555501395e-02
5.544401804606120115e-02
5.422801176706949777e-02
5.308380524317423549e-02
5.190344254175822264e-02
5.057386557261148857e-02
4.908438920974731584e-02
4.775430361429850584e-02
4.685689608256022459e-02
4.626905520757039481e-02
4.578625361124674664e-02
4.529706637064615654e-02
4.479417800903320174e-02
4.426496028900146762e-02
4.373135169347127510e-02
4.320465723673502789e-02
4.267462094624837471e-02
4.210259914398193498e-02
4.142966270446777483e-02
4.060740470886230191e-02
3.965268532435099053e-02
3.869198560714721957e-02
3.788363138834635602e-02
3.724634647369384766e-02
3.671104510625203265e-02
3.621170520782470564e-02
3.569771051406860074e-02
3.521136442820230888e-02
3.482817014058430666e-02
3.458549578984578682e-02
3.442762295405069756e-02
3.431086937586466656e-02
3.419883648554484373e-02
3.405735492706298689e-02
3.384517828623453961e-02
3.353713750839233676e-02
3.313452402750650949e-02
3.269213239351908412e-02
3.230339686075846262e-02
3.200629949569702010e-02
3.178187211354573799e-02
3.161874016125997000e-02
3.149411876996358051e-02
3.140499194463094307e-02
3.134561975797017092e-02
3.130907018979390416e-02
3.128557205200195590e-02
3.127048214276631488e-02
3.126052021980285645e-02
3.125359416007995883e-02
3.124869664510091308e-02
3.124518394470214913e-02
3.124234477678934641e-02
3.124009569485982143e-02
3.123811086018880162e-02
3.123633464177449567e-02
3.123469948768615653e-02
3.123316168785095215e-02
3.123171528180440290e-02
3.123035430908203264e-02
3.122911651929219726e-02
3.122796018918355329e-02
3.122689723968505998e-02
3.122593164443969796e-02
3.122503956158955915e-02
3.122425874074300292e-02
3.122349381446838310e-02
3.122282226880391393e-02
3.122216860453287668e-02
3.122159639994303432e-02
3.122104803721110003e-02
3.122055927912394113e-02
3.122006853421529018e-02
3.121964732805887835e-02
3.121921817461649484e-02
3.121884067853291853e-02
3.121847907702128208e-02
3.121813337008158204e-02
3.121781547864278111e-02
3.121750553448994839e-02
3.121721943219502721e-02
3.121693730354309013e-02
3.121667901674906459e-02
3.121642669041951521e-02
3.121618231137593749e-02
3.121596177419026785e-02
3.121573726336161411e-02
3.121551871299743652e-02
3.121532201766967843e-02
3.121512333552042481e-02
3.121494054794311454e-02
3.121474782625834055e-02
3.121455709139505860e-02
3.121438423792521205e-02
3.121421933174133370e-02
3.121405045191446778e-02
