1.046665787696838407e-02
1.003073016802469818e-02
9.610273838043213723e-03
9.202715555826822269e-03
8.804017305374145161e-03
8.410809437433879043e-03
8.024283250172932827e-03
7.643450101216634450e-03
7.269656260808309185e-03
6.904951532681782682e-03
6.548904180526733676e-03
6.202280521392822266e-03
5.861746271451314695e-03
5.531586011250813444e-03
5.214986006418864152e-03
4.905600349108378035e-03
4.613946874936421770e-03
4.333836634953816720e-03
4.063265323638915946e-03
3.805889685948689576e-03
3.565102616945902466e-03
3.346001207828521676e-03
3.148539761702219639e-03
2.969757517178853515e-03
2.795920769373576049e-03
2.627573211987813389e-03
2.465434670448303067e-03
2.310707867145538486e-03
2.162347038586934223e-03
2.019230226675669451e-03
1.878468145926793327e-03
1.749891589085260987e-03
1.631084183851877825e-03
1.510497778654098415e-03
1.415455564856529314e-03
1.325656200448671910e-03
1.249357064565022801e-03
1.183944592873255406e-03
1.122188145915667228e-03
1.067863181233406162e-03
1.017043739557266149e-03
9.599252666036287495e-04
9.126730511585871538e-04
8.664269000291824775e-04
8.223935527106126684e-04
7.782075678308804584e-04
7.378942985087632873e-04
7.007805258035659660e-04
6.645927329858143879e-04
6.341717950999737046e-04
6.062418501824140375e-04
5.730227043386548541e-04
5.498485957893232837e-04
5.275465842957297946e-04
5.063370481366291642e-04
4.839420455148986627e-04
4.635043108161577500e-04
4.441324165721501700e-04
4.253401908257122368e-04
4.070266812414047070e-04
3.894351769364827053e-04
3.721316096804609479e-04
3.557574520527850728e-04
3.401032704277895564e-04
3.247361632626658673e-04
3.097059271749458319e-04
2.955584430552941314e-04
2.816524906787284087e-04
2.680381890725887597e-04
2.543502375677538559e-04
2.403593333413785551e-04
2.262602853200708928e-04
2.118932795686608364e-04
1.971365000038834484e-04
1.820142984312648441e-04
1.665437250388398193e-04
1.510058039760527602e-04
1.361392733694325786e-04
1.225299357004890608e-04
1.103486332552468729e-04
9.965553000559642489e-05
9.053263239669225688e-05
8.253131033901202947e-05
7.490786585549357899e-05
6.751021428499370271e-05
6.023025420290651125e-05
5.310340098124773398e-05
4.652596363788082774e-05
4.025183111176981027e-05
3.453131516531963540e-05
2.943268190089535729e-05
2.488756622672857078e-05
2.066215663944603916e-05
1.684816371077128339e-05
1.359464109555119730e-05
1.083027828523578707e-05
8.454812329243092600e-06
6.571597599152786296e-06
4.835297428750588598e-06
3.799427565051397890e-06
