6.222385962804158344e-02
6.165889501571655135e-02
6.084067821502685269e-02
5.992045402526855608e-02
5.889602899551391740e-02
5.769586563110351562e-02
5.635737578074137555e-02
5.503223339716593193e-02
5.388761361440022601e-02
5.297275384267171455e-02
5.224383672078450336e-02
5.164883534113565849e-02
5.111598968505859375e-02
5.055855115254719728e-02
4.993174076080322127e-02
4.927876790364583287e-02
4.864609638849894113e-02
4.802883863449096402e-02
4.737799564997355328e-02
4.666355848312377791e-02
4.586821794509887695e-02
4.503410657246907645e-02
4.419327974319457730e-02
4.339759747187296735e-02
4.269908666610718051e-02
4.212901194890340123e-02
4.167171319325765205e-02
4.131542841593424664e-02
4.105105400085449358e-02
4.085107644399007393e-02
4.068906704584757811e-02
4.054189125696817941e-02
4.039251804351806641e-02
4.022684097290039201e-02
4.002862771352132254e-02
3.978390693664550504e-02
3.947447935740153180e-02
3.909053405125936104e-02
3.865389823913574496e-02
3.819644451141357422e-02
3.775858879089355469e-02
3.737428585688273158e-02
3.704883257548014647e-02
3.676795959472656250e-02
3.651933670043945590e-02
3.627598285675048828e-02
3.602371215820312361e-02
3.575317064921060967e-02
3.548523187637329240e-02
3.525026639302571846e-02
3.504111369450887276e-02
3.483273585637410713e-02
3.460801442464192523e-02
3.435672918955485350e-02
3.409223953882853375e-02
3.383972247441609932e-02
3.363011280695597099e-02
3.348014354705810408e-02
3.337800502777099609e-02
3.330683112144470354e-02
3.325376113255818639e-02
3.320968349774678502e-02
3.316610256830851422e-02
3.311651547749837332e-02
3.305553992589314871e-02
3.297619024912516045e-02
3.287752072016398436e-02
3.275599280993143902e-02
3.261893987655639648e-02
3.247754573822021762e-02
3.234661817550658902e-02
3.223147590955098563e-02
3.213289181391398158e-02
3.204266031583150043e-02
3.195127844810485840e-02
3.185149033864339424e-02
3.174547950426737791e-02
3.163686792055765695e-02
3.153568903605143137e-02
3.144552111625671664e-02
3.137515385945637697e-02
3.132327397664388252e-02
3.128694693247477399e-02
3.126280109087626463e-02
3.124715288480122907e-02
3.123706579208374023e-02
3.123050332069397111e-02
3.122616012891133580e-02
3.122311631838480678e-02
3.122087915738423758e-02
3.121916651725769112e-02
3.121789495150248048e-02
3.121688763300577846e-02
3.121609091758727889e-02
3.121541142463684151e-02
3.121483127276102748e-02
3.121434251467386858e-02
3.121390144030252931e-02
3.121350208918253696e-02
3.121313055356343680e-02
