6.148744821548461637e-02
5.978208382924397879e-02
5.801594654719034738e-02
5.664801597595214844e-02
5.560355981190999441e-02
5.466556549072265625e-02
5.362519025802612443e-02
5.238418181737263674e-02
5.103673934936523576e-02
4.982137680053710938e-02
4.877677758534749303e-02
4.782420794169107980e-02
4.691013495127360072e-02
4.600437482198079658e-02
4.530381759007771902e-02
4.484216372172037529e-02
4.447320699691772322e-02
4.413524071375529018e-02
4.382651249567667828e-02
4.355943600336710519e-02
4.334284861882527901e-02
4.316672086715698381e-02
4.300412734349568639e-02
4.283618529637654715e-02
4.266703923543294086e-02
4.249620040257771902e-02
4.231597979863484932e-02
4.213698705037435127e-02
4.193423986434936801e-02
4.164133071899413924e-02
4.123006264368692803e-02
4.077495733896891600e-02
4.039483865102132254e-02
4.011445840199788504e-02
3.991283178329467496e-02
3.976148366928100586e-02
3.963448206583659178e-02
3.951487541198730330e-02
3.939398527145385881e-02
3.926060199737548689e-02
3.911017576853434430e-02
3.893887201944987164e-02
3.874454100926717076e-02
3.855421543121338029e-02
3.836783568064371791e-02
3.818047444025675363e-02
3.801762262980143414e-02
3.787783384323119978e-02
3.776283264160155972e-02
3.767170508702596260e-02
3.760122855504353934e-02
3.754462798436482979e-02
3.749694029490153319e-02
3.745414018630981168e-02
3.741380771001179967e-02
3.737426201502482004e-02
3.733203808466593193e-02
3.728637695312499861e-02
3.723699251810709543e-02
3.718603452046712055e-02
3.713150024414062222e-02
3.707596063613891740e-02
3.701416254043578963e-02
3.694112698237101561e-02
3.685510953267415180e-02
3.675322930018107281e-02
3.662961324055989676e-02
3.646992444992065707e-02
3.621942599614461078e-02
3.582301934560139928e-02
3.535646994908650531e-02
3.498963117599487166e-02
3.477686643600463867e-02
3.463273048400879184e-02
3.451284964879353795e-02
3.440616925557454103e-02
3.429530064264933037e-02
3.416885534922282225e-02
3.403372764587402066e-02
3.387643893559773994e-02
3.372896512349446430e-02
3.360050519307454520e-02
3.350455760955810269e-02
3.344404697418212891e-02
3.340822060902913504e-02
3.338489532470702986e-02
3.336913585662841519e-02
3.335808515548706332e-02
3.334999879201253070e-02
3.334391514460245676e-02
3.333925803502400809e-02
3.333572546641031670e-02
3.333277901013691896e-02
3.333037694295247488e-02
3.332827488581339287e-02
3.332645098368326730e-02
3.332483371098836356e-02
3.332341710726419853e-02
3.332214156786601073e-02
3.332101106643677035e-02
