1.729024137769426608e-02
1.710614681243896595e-02
1.688288961138044095e-02
1.663230487278529596e-02
1.636358397347586341e-02
1.608321939195905478e-02
1.580256734575544164e-02
1.553042343684605218e-02
1.527354581015450546e-02
1.503138201577322759e-02
1.479414735521589024e-02
1.454803398677280944e-02
1.428598131452287964e-02
1.401190621512276788e-02
1.373476369040353001e-02
1.346610546112060602e-02
1.321691172463553346e-02
1.298224994114467040e-02
1.274860586438860202e-02
1.250940459115164674e-02
1.226275716509137893e-02
1.201479843684605253e-02
1.177212953567504869e-02
1.153974362782069635e-02
1.131486892700195312e-02
1.109622171946934334e-02
1.088722535542079387e-02
1.069318090166364484e-02
1.051630428859165814e-02
1.035788876669747546e-02
1.021568672997610894e-02
1.008779491697038913e-02
9.969729014805384440e-03
9.855796269008091845e-03
9.744157109941755171e-03
9.634020669119698968e-03
9.526819842202322378e-03
9.422726971762520470e-03
9.320568016597202340e-03
9.219549042837961103e-03
9.121728965214320750e-03
9.032459599631172467e-03
8.956852299826486077e-03
8.891132559095109994e-03
8.828434262956891959e-03
8.765294211251394713e-03
8.700361592429024446e-03
8.636229719434465602e-03
8.577615533556256708e-03
8.528346334184918470e-03
8.489563805716377615e-03
8.460439273289271575e-03
8.438548019954136142e-03
8.420820917401995384e-03
8.405147620609829118e-03
8.389922891344343131e-03
8.372840881347655764e-03
8.352220058441162109e-03
8.327639102935791363e-03
8.300770691462925829e-03
8.274784428732735383e-03
8.252515452248709166e-03
8.234617369515554938e-03
8.220598697662354071e-03
8.209411416734967507e-03
8.199727194649833115e-03
8.190597125462124178e-03
8.181008270808629024e-03
8.170084612710135433e-03
8.157067980085100367e-03
8.142258780343192281e-03
8.126331738063267279e-03
8.110119955880300963e-03
8.093253203800747017e-03
8.074899400983538006e-03
8.055368491581508389e-03
8.036386285509381291e-03
8.019958223615373388e-03
8.006676265171595516e-03
7.996351718902587266e-03
7.988224029541015833e-03
7.981734616415840991e-03
7.976616450718471835e-03
7.972386223929268934e-03
7.968619210379463552e-03
7.964650222233363858e-03
7.959040914263044303e-03
7.948960236140660551e-03
7.928816250392368287e-03
7.895168576921735362e-03
7.855635711124965906e-03
7.826754025050572730e-03
7.809517724173409801e-03
7.797144821711949128e-03
7.785280432019914959e-03
7.772180012294224727e-03
7.758048943110875013e-03
7.744702952248709582e-03
7.734223433903285837e-03
7.727177483694894038e-03
