4.837760329246520996e-02
4.663576781749725203e-02
4.497108161449432651e-02
4.335047304630279541e-02
4.177049100399017612e-02
4.022087454795837680e-02
3.869143426418304721e-02
3.720463514328002652e-02
3.574425876140594621e-02
3.430520892143249650e-02
3.289250135421752791e-02
3.150177001953125000e-02
3.013206720352172921e-02
2.878905236721038957e-02
2.747471630573272705e-02
2.620154619216918945e-02
2.496193647384643485e-02
2.376521080732345650e-02
2.261889278888702323e-02
2.151431590318679879e-02
2.046683728694915702e-02
1.947352737188339303e-02
1.852282732725143294e-02
1.762007474899291923e-02
1.677023619413375854e-02
1.596010327339172225e-02
1.519878208637237549e-02
1.448771655559539726e-02
1.382011026144027745e-02
1.318643987178802490e-02
1.258745193481445278e-02
1.202424243092536926e-02
1.149753853678703308e-02
1.099824011325836216e-02
1.051487401127815247e-02
1.004788428544998134e-02
9.595948457717894814e-03
9.165325015783310630e-03
8.765031397342682579e-03
8.384253084659575722e-03
8.031607419252396324e-03
7.707260549068450928e-03
7.414083182811737234e-03
7.145422697067260916e-03
6.898605823516845356e-03
6.672702729701995850e-03
6.452992558479309082e-03
6.241381540894508709e-03
6.031160056591033762e-03
5.824546143412589853e-03
5.616921558976173054e-03
5.404146388173103333e-03
5.190573260188102375e-03
4.972562566399574627e-03
4.753432795405387531e-03
4.533104971051216472e-03
4.316557198762893677e-03
4.098656773567199881e-03
3.885500133037567139e-03
3.677805140614509756e-03
3.474618121981620615e-03
3.276579082012176514e-03
3.089405409991741007e-03
2.912374213337898254e-03
2.746365591883659450e-03
2.590564452111720952e-03
2.449177764356136409e-03
2.316896431148052302e-03
2.190571650862693700e-03
2.062183618545532053e-03
1.930917985737323674e-03
1.795919798314571337e-03
1.658351905643940015e-03
1.519012544304132505e-03
1.375581789761781649e-03
1.227349881082773122e-03
1.074866484850645152e-03
9.191454388201236942e-04
7.638353388756513162e-04
6.127757951617240906e-04
4.730103537440299988e-04
3.484343877062201608e-04
2.425828250125050653e-04
1.585901598446071256e-04
9.305629064328967983e-05
4.776953137479722771e-05
1.985328708542510867e-05
5.926371522946283560e-06
1.755931771185714667e-06
1.758907274052035064e-06
1.761517887644003992e-06
1.763829459378030151e-06
1.765873821568675382e-06
1.767687717801891225e-06
1.769316440913826227e-06
1.770782728272024500e-06
1.772107862052507656e-06
1.773294934537261640e-06
1.774351585481781470e-06
1.775299460859969174e-06
