5.714234709739685059e-02
5.638095736503601074e-02
5.561434626579284807e-02
5.485915541648864885e-02
5.410885214805603166e-02
5.337411761283874373e-02
5.265146493911743164e-02
5.193974971771240373e-02
5.124121904373168945e-02
5.054667592048645020e-02
4.985992014408111711e-02
4.916549623012542863e-02
4.845813810825348039e-02
4.773550033569336215e-02
4.697448909282684465e-02
4.617482125759124478e-02
4.533053338527679582e-02
4.444463253021239957e-02
4.351065754890441617e-02
4.253253936767577986e-02
4.151890277862548689e-02
4.047625958919524869e-02
3.939087092876434465e-02
3.830043375492096086e-02
3.721174895763397494e-02
3.612888157367706576e-02
3.505704700946808000e-02
3.402121067047118863e-02
3.301456868648529330e-02
3.204413950443267545e-02
3.112497329711914201e-02
3.025265634059905867e-02
2.944869697093963762e-02
2.869951725006103516e-02
2.799546718597412109e-02
2.732470631599426270e-02
2.666519582271575928e-02
2.601201832294464111e-02
2.536198496818542480e-02
2.472048550844192435e-02
2.410117238759994576e-02
2.353082746267318864e-02
2.302501946687698225e-02
2.259188890457153320e-02
2.222620248794555595e-02
2.192867845296859672e-02
2.168902903795242448e-02
2.149223089218139579e-02
2.132737487554550032e-02
2.118457853794097900e-02
2.105462998151779244e-02
2.092764824628829887e-02
2.079897373914718628e-02
2.066194266080856323e-02
2.051130384206771920e-02
2.033951133489608765e-02
2.014950364828109811e-02
1.993957161903381348e-02
1.971483379602432390e-02
1.949018239974975586e-02
1.927334964275360246e-02
1.907480210065841744e-02
1.890577375888824463e-02
1.877096891403198103e-02
1.866807490587234566e-02
1.859128773212432792e-02
1.853520423173904419e-02
1.849367171525955270e-02
1.846304982900619576e-02
1.844029277563095232e-02
1.842296868562698364e-02
1.840942353010177612e-02
1.839864253997802734e-02
1.838972866535186837e-02
1.838204413652420183e-02
1.837562173604965349e-02
1.837031990289688180e-02
1.836528331041336129e-02
1.836092174053192277e-02
1.835684627294540544e-02
1.835321635007858276e-02
1.834971010684966972e-02
1.834666132926941057e-02
1.834373027086257796e-02
1.834092587232589652e-02
1.833818852901458740e-02
1.833558827638626099e-02
1.833326667547225883e-02
1.833090335130691667e-02
1.832872182130813529e-02
1.832659542560577393e-02
1.832439005374908447e-02
1.832237839698791504e-02
1.832034289836883406e-02
1.831846684217453003e-02
1.831644922494888444e-02
1.831454932689666887e-02
1.831268817186355521e-02
1.831072419881820540e-02
1.830870211124420097e-02
