1.963196595509847028e-02
1.927758137385050460e-02
1.889542659123738533e-02
1.853532791137695382e-02
1.820888360341390080e-02
1.790700197219848716e-02
1.763074556986490848e-02
1.737990299860636342e-02
1.713970263799031654e-02
1.688536008199055874e-02
1.660164515177408803e-02
1.627876281738281292e-02
1.590018272399902274e-02
1.546467304229736349e-02
1.501727263132731152e-02
1.461541016896565799e-02
1.428555727005004911e-02
1.400973955790201821e-02
1.375665267308553118e-02
1.350299477577209493e-02
1.323291222254435219e-02
1.295538504918416350e-02
1.268664002418518066e-02
1.242858052253723207e-02
1.218006650606791134e-02
1.195101141929626534e-02
1.174712816874186154e-02
1.156610528628031383e-02
1.139117876688639300e-02
1.121141990025838198e-02
1.102603832880655853e-02
1.083751281102498382e-02
1.064977169036865172e-02
1.046988844871520920e-02
1.030774116516113351e-02
1.016474604606628501e-02
1.003541509310404423e-02
9.912726084391275394e-03
9.797453482945760878e-03
9.694343805313110699e-03
9.607753356297810826e-03
9.539943138758342003e-03
9.485891660054524693e-03
9.441485404968261511e-03
9.404224554697672434e-03
9.372589190800985001e-03
9.344847599665324217e-03
9.319944381713867257e-03
9.297418594360350869e-03
9.275426864624023229e-03
9.253135522206624303e-03
9.229067961374919429e-03
9.202832380930583284e-03
9.172431627909342564e-03
9.139410654703776157e-03
9.102956453959146904e-03
9.064693450927734791e-03
9.024083614349365234e-03
8.981908559799195099e-03
8.939870198567708218e-03
8.899616400400796670e-03
8.861586252848307685e-03
8.828969399134318358e-03
8.802339235941569404e-03
8.781407674153645856e-03
8.766403198242187292e-03
8.754903078079223286e-03
8.746450344721476422e-03
8.740241527557373810e-03
8.735638062159220910e-03
8.732279539108276159e-03
8.729596932729085865e-03
8.727438847223918314e-03
8.725688060124714776e-03
8.724236885706584260e-03
8.722941875457763256e-03
8.721793095270793245e-03
8.720730543136595916e-03
8.719758192698160576e-03
8.718847433725992677e-03
8.718030055363973699e-03
8.717236518859862796e-03
8.716485897699991978e-03
8.715707063674926064e-03
8.714879751205445099e-03
8.713855346043904854e-03
8.712595303853352263e-03
8.711018562316895364e-03
8.708856503168741978e-03
8.705813884735107838e-03
8.701255718866984790e-03
8.695072730382284037e-03
8.687329689661661691e-03
8.679203192392985142e-03
8.672380050023397249e-03
8.667362133661905832e-03
8.663498560587564595e-03
8.659344911575318077e-03
8.653519153594970217e-03
8.645539283752440643e-03
