2.606584429740905953e-03
2.301484048366546787e-03
2.008856981992721349e-03
1.754102110862731977e-03
1.550662815570831316e-03
1.383331269025802517e-03
1.241284310817718402e-03
1.113667339086532549e-03
1.004238352179527257e-03
9.104683250188827905e-04
8.331697434186934991e-04
7.687842100858688441e-04
6.971733272075653380e-04
6.503814458847045985e-04
5.798793584108352401e-04
5.438395962119102001e-04
5.099749565124511198e-04
4.822748899459838607e-04
4.605470970273017818e-04
4.170107841491699067e-04
3.976591303944587621e-04
3.826524317264556733e-04
3.665528818964957952e-04
3.532233834266662337e-04
3.393792361021041805e-04
3.270454704761505344e-04
3.155876323580742012e-04
3.050915896892547391e-04
2.955932915210723920e-04
2.866883948445320194e-04
2.649124898016452746e-04
2.554097957909107143e-04
2.458732575178146579e-04
2.363372035324573647e-04
2.269456349313259027e-04
2.176810801029205311e-04
2.080620452761650205e-04
1.992641389369964513e-04
1.909287646412849535e-04
1.833472587168216662e-04
1.766527630388736649e-04
1.706566847860813152e-04
1.651944778859615337e-04
1.602733135223388704e-04
1.542301941663026842e-04
1.500879414379596819e-04
1.435388438403606447e-04
1.395917683839797876e-04
1.358925644308328618e-04
1.317202020436525258e-04
1.287517510354519020e-04
1.261772122234106064e-04
1.216148957610130310e-04
1.187992189079523108e-04
1.159806177020072986e-04
1.132235396653413827e-04
1.105186436325311710e-04
1.079147774726152425e-04
1.054385025054216347e-04
1.030898466706275983e-04
1.008925028145313263e-04
9.887688793241977692e-05
9.699581190943718553e-05
9.527393616735935265e-05
9.367707185447216522e-05
9.220458567142486410e-05
8.851400576531887271e-05
8.736105635762214769e-05
8.627199567854404992e-05
8.522794581949710629e-05
8.423878811299801469e-05
8.260160684585571560e-05
8.170732297003269846e-05
8.083189837634563121e-05
7.998511195182800347e-05
7.908122614026070292e-05
7.828187197446823500e-05
7.751968223601579666e-05
7.677664980292320523e-05
7.607130799442530329e-05
7.539679296314716556e-05
7.452056277543306459e-05
7.390382234007120132e-05
7.329802494496106993e-05
7.271421141922473311e-05
7.215279620140791481e-05
7.161149755120276917e-05
7.109425496309995651e-05
7.060109637677670067e-05
7.013442460447549766e-05
6.969206966459750533e-05
6.902637891471385468e-05
6.865086965262889645e-05
6.828635465353726744e-05
6.794386543333530263e-05
6.761398632079362544e-05
6.729552056640386527e-05
6.699515506625175476e-05
6.669644732028245872e-05
6.641649175435304045e-05
