2.080584389822823579e-02
2.064050061362130220e-02
2.043572051184517832e-02
2.019570827484130915e-02
1.993475403104509602e-02
1.965669597898210899e-02
1.938344921384538982e-02
1.913284540176391629e-02
1.889450345720563446e-02
1.867320401327950477e-02
1.847097601209368029e-02
1.827985831669398653e-02
1.809818438121250581e-02
1.791949459484645443e-02
1.774025235857282223e-02
1.755858830043247748e-02
1.737814136913844523e-02
1.720635567392621648e-02
1.704375062670026447e-02
1.688728094100952135e-02
1.673549498830522939e-02
1.658949920109340295e-02
1.645117725644792972e-02
1.631930197988237796e-02
1.619255151067461318e-02
1.606915848595755550e-02
1.594998291560581830e-02
1.583514996937343197e-02
1.572552153042384646e-02
1.562143717493329718e-02
1.552276117461068305e-02
1.542803321565900526e-02
1.533969266074044352e-02
1.525908470153808545e-02
1.518930537360055170e-02
1.512673258781433057e-02
1.506691745349339126e-02
1.500581673213413798e-02
1.494315317698887390e-02
1.488406504903520833e-02
1.483235699789864706e-02
1.478897912161690822e-02
1.475084389959062901e-02
1.471579841205051913e-02
1.468466162681579534e-02
1.465825676918029730e-02
1.463653479303632550e-02
1.461762019566127148e-02
1.459963832582746208e-02
1.458096895899091416e-02
1.456193736621311761e-02
1.454160741397312641e-02
1.452034626688276063e-02
1.449770212173461838e-02
1.447275008474077466e-02
1.444719467844281929e-02
1.442049418176923406e-02
1.439123579433986173e-02
1.435772708484104633e-02
1.431935633931841201e-02
1.427814807210649704e-02
1.423914211136954183e-02
1.420647536005292637e-02
1.418018324034554627e-02
1.415632009506225669e-02
1.413287809916904947e-02
1.410809533936636766e-02
1.408417735780988396e-02
1.406249438013349243e-02
1.404169440269470263e-02
1.402269431522914361e-02
1.400675041334969659e-02
1.399322101048060783e-02
1.398119943482535252e-02
1.397081988198416516e-02
1.396168947219848626e-02
1.395218185016087152e-02
1.394074814660208571e-02
1.392775382314409560e-02
1.391419325556073928e-02
1.390084351812090162e-02
1.388662423406328457e-02
1.387216040066310309e-02
1.385743856430053655e-02
1.384108730724879603e-02
1.382290278162275066e-02
1.380236131804330087e-02
1.377794963972909029e-02
1.375481520380292602e-02
1.373544182096208925e-02
1.371604783194405736e-02
1.369343774659293085e-02
1.366672447749546666e-02
1.364068286759512715e-02
1.361979331289018928e-02
1.360437801906040807e-02
1.359303780964442668e-02
1.358440075601850296e-02
1.357754332678658658e-02
1.357169815472194195e-02
