2.081435714449201418e-02
2.073120321546282133e-02
2.064064775194440413e-02
2.054272106715611043e-02
2.043864011764526256e-02
2.032825946807861189e-02
2.020886557442801504e-02
2.007888521466936332e-02
1.993409293038504379e-02
1.977117776870727581e-02
1.959341526031494266e-02
1.940237964902605250e-02
1.919971534184047174e-02
1.898791858128139054e-02
1.877327578408377606e-02
1.856488500322614477e-02
1.836618866239275380e-02
1.817432335444859118e-02
1.798346349171229749e-02
1.779079386166163707e-02
1.759982109069824219e-02
1.741478494235447483e-02
1.723829763276236299e-02
1.707116246223449804e-02
1.691627553531101918e-02
1.677458899361746608e-02
1.664508938789367731e-02
1.652554665293012176e-02
1.641281860215323268e-02
1.630318607602800757e-02
1.619283250399998139e-02
1.607973388263157430e-02
1.596491200583321710e-02
1.584877695356096475e-02
1.573250447000775973e-02
1.561933040618896512e-02
1.551293696675981777e-02
1.541512421199253691e-02
1.532608100346156445e-02
1.524352295058114225e-02
1.516181332724434935e-02
1.507733804838998042e-02
1.499293259211948934e-02
1.491566027913774836e-02
1.484790154865809828e-02
1.478587797709873808e-02
1.472721610750470783e-02
1.467209867068699353e-02
1.462123138563973558e-02
1.457213061196463433e-02
1.452103172029767762e-02
1.446702344076974088e-02
1.441210831914629259e-02
1.435733199119567857e-02
1.430509754589625801e-02
1.425690770149230964e-02
1.421289052282060858e-02
1.417422584124973864e-02
1.414157833371843670e-02
1.411381857735770004e-02
1.408712097576686299e-02
1.406003134591238789e-02
1.403484276362827916e-02
1.401342766625540519e-02
1.399415441921779066e-02
1.397433110645839201e-02
1.395314403942653041e-02
1.393227372850690607e-02
1.391325831413268987e-02
1.389566268239702564e-02
1.387829474040440207e-02
1.386058688163757310e-02
1.384292568479265559e-02
1.382573774882725308e-02
1.380956734929766026e-02
1.379389234951564243e-02
1.377696190561567002e-02
1.375832523618425625e-02
1.373995355197361531e-02
1.372354371207100930e-02
1.370897361210414271e-02
1.369472163064139152e-02
1.368082097598484655e-02
1.366791912487574923e-02
1.365688528333391417e-02
1.364607589585440511e-02
1.363286597388131335e-02
1.361544319561549567e-02
1.359319210052490311e-02
1.356685042381286684e-02
1.353825007166181357e-02
1.351039086069379461e-02
1.348700591496058802e-02
1.346972141947065139e-02
1.345772845404488716e-02
1.344712734222412026e-02
1.343401517186846097e-02
1.341954248292105516e-02
1.340544257845197387e-02
1.339073709079197441e-02
