1.742540331823485243e-03
1.415454372763633780e-03
1.154045898999486643e-03
9.398047466363225683e-04
7.711654635412352153e-04
6.258945007409367741e-04
5.190006616924490272e-04
4.333917011639901347e-04
3.704510509435619717e-04
3.181130312649267048e-04
2.727254160812922794e-04
2.348100628504263437e-04
2.031423543979014748e-04
1.779805061440648656e-04
1.583112967533192470e-04
1.420593333231019110e-04
1.274900877823321446e-04
1.154337875154202027e-04
1.006768647792861406e-04
9.125407106174472248e-05
8.292515492030360551e-05
7.537150755004923763e-05
6.865727581368576398e-05
6.251698298261285113e-05
5.661935616444679990e-05
5.161500616720461827e-05
4.707389128920372507e-05
4.303555414610725342e-05
3.946650472114145229e-05
3.634473888918624164e-05
3.359369853569660011e-05
3.127201704046456089e-05
2.919056412273286113e-05
2.729889526952839794e-05
2.584656929424714283e-05
2.410152724093807470e-05
2.277799251584968111e-05
2.157298423688708993e-05
2.059545384067210355e-05
1.918312210234164746e-05
1.858943109255051295e-05
1.794440463657208178e-05
1.732824479144515469e-05
1.683869963796626521e-05
1.639501859244773933e-05
1.706372604530770264e-05
1.555849486196945894e-05
1.516781308444998572e-05
1.478389553345290748e-05
1.445068576815953910e-05
1.413882507352224902e-05
1.384154809264665706e-05
1.353074540799882715e-05
1.323271455476060469e-05
1.293959505606575815e-05
1.263322875404680485e-05
1.234688775054694626e-05
1.206348313904267662e-05
1.178725294916408224e-05
1.152271261162240990e-05
1.125857082245472319e-05
1.101072805405627666e-05
1.076248242108184662e-05
1.053444956206866250e-05
1.031015675315367308e-05
1.010399677657655278e-05
9.897559336552928485e-06
9.714312499064752305e-06
9.539702472726016482e-06
9.372425036937263995e-06
9.211155832287788633e-06
9.057875730442382410e-06
8.903401537411679322e-06
8.750889496046250913e-06
8.602802923373279527e-06
8.459275473537023883e-06
8.310551958337393660e-06
8.171246959786262982e-06
8.032025463242981636e-06
7.898594945540286577e-06
7.767363767925416441e-06
7.635675267790378059e-06
7.510488111230577712e-06
7.388072081084828959e-06
7.267569677164179232e-06
7.149805047187588069e-06
7.038588495821126575e-06
6.926862617027447189e-06
6.819704641592189858e-06
6.719174915425745582e-06
6.620848559707935590e-06
6.529850171708468232e-06
6.437296953143751268e-06
6.354964082545068323e-06
6.278830964479961067e-06
6.203111643117153915e-06
6.134263788096307020e-06
6.066128163573531961e-06
6.003533599141519517e-06
5.942463191916301029e-06
