2.451767206192016768e-02
2.442331075668334808e-02
2.430789709091186676e-02
2.413818359375000111e-02
2.398818016052246122e-02
2.391999959945678711e-02
2.381106138229370159e-02
2.366718053817749162e-02
2.353394031524658203e-02
2.341118335723876842e-02
2.329275846481323325e-02
2.317739486694335785e-02
2.307890892028808746e-02
2.299743413925170801e-02
2.292855739593505776e-02
2.287075519561767439e-02
2.282416343688964747e-02
2.278914690017700209e-02
2.276378154754638700e-02
2.274463415145874107e-02
2.272677183151245242e-02
2.270746231079101562e-02
2.268655061721801605e-02
2.266346216201782157e-02
2.263846397399902483e-02
2.261297464370727595e-02
2.258845806121826186e-02
2.256460189819336007e-02
2.253743886947631725e-02
2.250487089157104589e-02
2.246434926986694280e-02
2.241644382476806752e-02
2.236800432205200348e-02
2.232391595840453949e-02
2.228748321533203028e-02
2.225794076919555831e-02
2.223219156265258956e-02
2.220882177352905343e-02
2.218723058700561648e-02
2.216655492782592871e-02
2.214613676071167103e-02
2.212537527084350655e-02
2.210433006286621066e-02
2.208338499069213701e-02
2.206344842910766546e-02
2.204357862472534207e-02
2.202381610870361370e-02
2.200482845306396540e-02
2.198710441589355608e-02
2.197029829025268569e-02
2.195370435714721555e-02
2.193662166595458998e-02
2.191937208175659055e-02
2.190234899520874037e-02
2.188302993774414104e-02
2.186147451400756794e-02
2.183704376220703056e-02
2.181285381317138797e-02
2.179163217544555567e-02
2.177376031875610449e-02
2.175863027572631780e-02
2.174559116363525280e-02
2.173412322998046972e-02
2.172353267669677873e-02
2.171317338943481307e-02
2.170201301574706948e-02
2.168935537338256836e-02
2.167504310607910184e-02
2.165815114974975475e-02
2.163781881332397378e-02
2.161484718322754031e-02
2.159144639968871987e-02
2.157015085220337011e-02
2.155179738998412933e-02
2.153630733489990401e-02
2.152343034744262640e-02
2.151270389556884932e-02
2.150357723236083832e-02
2.149495840072631822e-02
2.148651599884033106e-02
2.147825002670288030e-02
2.147025823593139496e-02
2.146293401718139815e-02
2.145421981811523535e-02
2.144560575485229478e-02
2.143726825714111286e-02
2.142852544784545898e-02
2.141923427581787082e-02
2.140956163406372223e-02
2.139983415603637779e-02
2.138991355895996163e-02
2.137958526611328028e-02
2.136918544769287123e-02
2.135861396789550878e-02
2.134778738021850600e-02
2.133650064468383886e-02
2.132518529891967718e-02
2.131400346755981529e-02
2.130275249481201200e-02
2.129187822341918959e-02
