1.868900060653686445e-03
1.611365101167133934e-03
1.356069147586822432e-03
1.140545170222009852e-03
9.485048108867236236e-04
7.885226713759558572e-04
6.643249600061347992e-04
5.638600060982364029e-04
4.833438965891089022e-04
4.162542748131922384e-04
3.606887401214667853e-04
3.130169864743947918e-04
2.720560013715710005e-04
2.379395047734890662e-04
2.076693464602742949e-04
1.829852243619305748e-04
1.610969525894948376e-04
1.408850381683026017e-04
1.217215548136404599e-04
1.066409520405743822e-04
9.554249533851231460e-05
8.527736611930387717e-05
7.466337078117898029e-05
6.662161422095127941e-05
5.848762512739215667e-05
5.038337000379605003e-05
4.385696133665208313e-05
3.806882043136283647e-05
3.380519379529037472e-05
2.858548412664926639e-05
2.565311787683250815e-05
2.280570342138941710e-05
1.993311075368962642e-05
1.694821744292442228e-05
1.505738446992056930e-05
1.358791887728979595e-05
1.205338482967428269e-05
1.136321122560600237e-05
1.185371662359102609e-05
1.090772017570478626e-05
1.033644593137848535e-05
1.068135321994694699e-05
9.746844752953621170e-06
9.566283585757317186e-06
8.601024320731603983e-06
7.850033803801384781e-06
7.218719058853042131e-06
6.958995283119812525e-06
6.301211248813030559e-06
6.054231733807163328e-06
5.713442411173933144e-06
5.271675558365781358e-06
4.963085682123034409e-06
4.682435917077652597e-06
4.455057475882183044e-06
4.264167801011353799e-06
4.030040433592928128e-06
3.935837344865181916e-06
3.930816009025355578e-06
3.590536512742151702e-06
3.631184923246369808e-06
3.149513054917666393e-06
2.873458462480422247e-06
2.615835227126288801e-06
2.606873939449932034e-06
2.342540940714700864e-06
2.041989373537944681e-06
1.700531858140103708e-06
1.618716191192756355e-06
1.272857968745353965e-06
1.092072213525950277e-06
9.323242842843423452e-07
7.503887432644011005e-07
6.034669422660954678e-07
6.857000309017685955e-07
4.196405799510622518e-07
3.454522499980937215e-07
2.787116916026986491e-07
2.375634643872867140e-07
3.307872871768527682e-07
2.046977429667354728e-07
2.042493334946422091e-07
2.329865674255415818e-07
2.042950654868036403e-07
2.043122965135678005e-07
2.043263131262002824e-07
2.043373803774427127e-07
2.043457295388049818e-07
2.043515970789095592e-07
2.043552012764848885e-07
2.267588388349395341e-07
2.043560925812926090e-07
2.043537798661938090e-07
2.043499158129894320e-07
2.043446407437191596e-07
2.043380196222902537e-07
2.043302187563053166e-07
2.043213446865722938e-07
2.043115143481242885e-07
2.043008238875440092e-07
