4.317508367321375206e-04
3.322644583175858981e-04
2.576070539939129397e-04
2.032785064271648936e-04
1.654745748890635269e-04
1.389442435692033568e-04
1.199086413473424395e-04
1.057098164697132500e-04
9.345065068710794922e-05
8.315712813754825086e-05
7.457263253229049220e-05
6.711823375100065545e-05
6.102086247309394210e-05
5.613827525311723861e-05
5.123897543762956055e-05
4.690163590185477706e-05
4.335640229360983853e-05
4.013325266368553666e-05
3.746476815179790608e-05
3.413653925366109314e-05
3.231239154972993376e-05
2.956680496178014876e-05
2.664142011967309074e-05
2.481539964752124176e-05
2.368843353227199938e-05
2.267326364088851010e-05
2.172220881809206630e-05
2.070568481703167406e-05
1.953769912300131167e-05
1.873090938257667955e-05
1.796499868888226978e-05
1.724243856004208100e-05
1.656968572922527450e-05
1.594589551543945595e-05
1.536956404709755015e-05
1.483844653310259032e-05
1.434923972591490970e-05
1.390528602554174714e-05
1.349989512382680189e-05
1.313113113222143496e-05
1.279875958252631440e-05
1.249648615732179225e-05
1.222160114856708469e-05
1.186015866839748542e-05
1.163768333137568979e-05
1.143397036296746577e-05
1.124871562442282647e-05
1.107898327614873818e-05
1.083926060725279747e-05
1.069024944192041463e-05
1.054573649316645110e-05
1.040050019140895952e-05
1.025400892652742706e-05
1.011009175030281165e-05
9.967258189330854568e-06
9.825480554033728605e-06
9.675498020446970777e-06
9.542096482442162452e-06
9.413321188096042031e-06
9.288466648648843564e-06
9.166766636912017043e-06
9.047575658211089923e-06
8.929877981419682276e-06
8.814205812133105874e-06
8.701726876418379778e-06
8.592723875932985840e-06
8.486390016768175838e-06
8.383141684672221710e-06
8.282175137544684537e-06
8.182930033606336710e-06
8.085842781445330766e-06
7.989519672311099649e-06
7.895362304995203877e-06
7.782988545015606704e-06
7.689744338293172445e-06
7.596359860040056503e-06
7.504525477104746513e-06
7.413803329429281982e-06
7.324946692625485048e-06
7.237487635158402668e-06
7.151313128469087496e-06
7.066384838867809042e-06
6.985932249454376306e-06
6.908911418484147680e-06
6.835661133896569108e-06
6.768201934703675457e-06
6.705067799184852397e-06
6.647158861922486030e-06
6.592377897916490022e-06
6.541327546264909689e-06
6.493293981560889363e-06
6.447021514945484614e-06
6.404994523076488152e-06
6.364094709162897937e-06
6.325652047543955733e-06
6.289438359722819165e-06
6.255456958028018588e-06
6.223023530272076281e-06
6.191222961959869464e-06
6.160523389320810938e-06
