4.590245485305786272e-02
4.295845627784729281e-02
4.012792110443115512e-02
3.745041787624359131e-02
3.486471474170684676e-02
3.240248262882232388e-02
3.004188835620880127e-02
2.777576744556426933e-02
2.559849917888641288e-02
2.350249290466308733e-02
2.147109806537628174e-02
1.954174935817718645e-02
1.770024299621581962e-02
1.595810949802398820e-02
1.428774297237396171e-02
1.272009611129760673e-02
1.121849417686462437e-02
9.813126921653748252e-03
8.544338494539260517e-03
7.427047938108444214e-03
6.481314450502395977e-03
5.701521784067154278e-03
5.049813538789749146e-03
4.526175931096077312e-03
4.108483344316482891e-03
3.764706477522849863e-03
3.480041027069091884e-03
3.242260217666625890e-03
3.025656566023826599e-03
2.801464870572090149e-03
2.573385462164878932e-03
2.333142794668674469e-03
2.093908749520778569e-03
1.844095438718795690e-03
1.591835170984268188e-03
1.335120294243097305e-03
1.080754399299621539e-03
8.328483439981937192e-04
5.997080821543932178e-04
3.915113396942615292e-04
2.206887817010283416e-04
9.246784611605107784e-05
2.113392547471448847e-05
1.129856354964431333e-06
1.136373157351044938e-06
1.142339806392555972e-06
1.147797684097895314e-06
1.152786353486590087e-06
1.157342740043532146e-06
1.161501586466329172e-06
1.165295361715834630e-06
1.168754170066677076e-06
1.171905933006200897e-06
1.174776753032347145e-06
1.177390458906302229e-06
1.179769151349319060e-06
1.181933112093247431e-06
1.183901076728943735e-06
1.185690143756801347e-06
1.187316138384630819e-06
1.188793521578190891e-06
1.190135571960126896e-06
1.191354112961562308e-06
1.192460422316799025e-06
1.193464504467556338e-06
1.194375454360851976e-06
1.195202094095293517e-06
1.195951699628494722e-06
1.196631365019129674e-06
1.197247638629050883e-06
1.197806068375939461e-06
1.198312111228006045e-06
1.198770496557699601e-06
1.199185680889058943e-06
1.199561575049301525e-06
1.199901907966705124e-06
1.200209862872725310e-06
1.200488441099878401e-06
1.200740280182799240e-06
1.200968199555063620e-06
1.201174018206074876e-06
1.201360100822057490e-06
1.201528084493475120e-06
1.201679697260260624e-06
1.201816394313937138e-06
1.201939812744967682e-06
1.202051043946994553e-06
1.202151179313659626e-06
1.202241310238605408e-06
1.202322346216533248e-06
1.202395196742145345e-06
1.202460589411202733e-06
1.202519251819467087e-06
1.202571820613229605e-06
1.202618841489311223e-06
1.202660769195063040e-06
1.202698240376776042e-06
1.202731436933390754e-06
1.202760995511198374e-06
1.202787098009139215e-06
