7.791494727134704035e-02
7.451705336570739469e-02
7.134125828742980679e-02
6.835927963256835382e-02
6.552988886833191473e-02
6.281700134277343195e-02
6.021031141281128068e-02
5.767320990562439104e-02
5.517359972000122209e-02
5.273327231407165527e-02
5.035063624382019043e-02
4.803301990032195906e-02
4.580596685409545760e-02
4.365747272968292098e-02
4.157734811305999895e-02
3.956509530544281145e-02
3.759674429893493375e-02
3.567824661731720109e-02
3.378978371620178223e-02
3.193909525871276717e-02
3.011541366577148368e-02
2.831625640392303536e-02
2.653722167015075753e-02
2.479153573513031075e-02
2.306866049766540666e-02
2.139614075422286918e-02
1.976120769977569511e-02
1.816932857036590576e-02
1.663820594549179216e-02
1.518999189138412441e-02
1.382957845926284859e-02
1.255397647619247402e-02
1.136005371809005807e-02
1.024092584848403965e-02
9.185048937797545693e-03
8.214777708053589214e-03
7.310747355222702200e-03
6.485897302627563650e-03
5.732435733079910278e-03
5.054023116827011108e-03
4.442746564745902842e-03
3.863817825913429087e-03
3.316048905253410253e-03
2.807489596307277679e-03
2.342837303876876744e-03
1.916510052978992462e-03
1.532485336065292445e-03
1.197456661611795469e-03
9.122289717197418430e-04
6.788653787225485065e-04
4.995379131287336349e-04
3.686854848638177135e-04
2.637607278302311789e-04
1.802180777303874493e-04
1.161781372502446148e-04
7.198372040875255519e-05
4.239135014358907802e-05
2.403452526777982712e-05
1.130452728830277852e-05
3.975083745899610052e-06
1.531904672447126359e-06
1.537625576020218390e-06
1.542839345347601963e-06
1.547587999084498733e-06
1.551910645503085149e-06
1.555843664391431915e-06
1.559420707053504842e-06
1.562672696309164209e-06
1.565628190292045389e-06
1.568313018651679074e-06
1.570751555846072818e-06
1.572965629748068750e-06
1.574975249241106297e-06
1.576799149916041642e-06
1.578453884576447223e-06
1.579954732733313079e-06
1.581315518706105692e-06
1.582549703016411555e-06
1.583668563398532569e-06
1.584682286193128760e-06
1.585601239639800042e-06
1.586433609190862583e-06
1.587187762197572653e-06
1.587870792718604122e-06
1.588489249115809714e-06
1.589049134054221213e-06
1.589556086400989358e-06
1.590015017427504063e-06
1.590430292708333666e-06
1.590805914020165886e-06
1.591145701240748125e-06
1.591453110449947374e-06
1.591731052030809266e-06
1.591982436366379219e-06
1.592209628142882138e-06
1.592414810147602196e-06
1.592600347066763873e-06
1.592767875990830404e-06
1.592919034010265023e-06
1.593055640114471274e-06
