1.257446357182094056e-02
1.145977565220424044e-02
1.040002890995570667e-02
9.402784960610525988e-03
8.470903805324008981e-03
7.606904847281320027e-03
6.802930831909180000e-03
6.072035176413399446e-03
5.399270909173147642e-03
4.775483437946864175e-03
4.213453871863228999e-03
3.713587863104684042e-03
3.285843219075884267e-03
2.900218537875584330e-03
2.580489601407732255e-03
2.304547684533255272e-03
2.068278534071786145e-03
1.839274721486227867e-03
1.622346001011984755e-03
1.481713950634002677e-03
1.359725764819553822e-03
1.257488493408475501e-03
1.152459595884595565e-03
1.072710560900824424e-03
9.989302073206221284e-04
9.315910935401916027e-04
8.679011251245226377e-04
8.125796914100647406e-04
7.608211679118020423e-04
7.148704571383339597e-04
6.721668371132441490e-04
6.324479196752820671e-04
5.961938628128596405e-04
5.619985078062330122e-04
5.317623487540654170e-04
5.035727577550070527e-04
4.773674905300140403e-04
4.527660139969416891e-04
4.259947793824332262e-04
4.039418058735983765e-04
3.834114543029240076e-04
3.636241278478077529e-04
3.447087321962629238e-04
3.269698364394051852e-04
3.099503368139267098e-04
2.934304092611585602e-04
2.745112351008824076e-04
2.594665650810514218e-04
2.448406549436705527e-04
2.307297023279326204e-04
2.172635655317987826e-04
2.039052067058427027e-04
1.909980284316199089e-04
1.786021010151931266e-04
1.667109371295997047e-04
1.560664309987000063e-04
1.471270753868988610e-04
1.392454108489411303e-04
1.323422989142792618e-04
1.257962959685495949e-04
1.165662313412342771e-04
1.103571875553045940e-04
1.042475790849753723e-04
9.831328111301575125e-05
9.134586019042347546e-05
8.548068132118454389e-05
7.944823591969907555e-05
7.339109250876520423e-05
6.724366751898612396e-05
6.078391751673604672e-05
5.424907214806548469e-05
4.760871258830385688e-05
4.110641511423247368e-05
3.470489339503859022e-05
2.853185404092073549e-05
2.052641105754966200e-05
1.501306228289779782e-05
1.016432228165545704e-05
6.197064441429185243e-06
3.201442346575536910e-06
1.295393594773486316e-06
4.679234033184392109e-07
3.651492754995290792e-07
3.654098275416929707e-07
3.656437287905386631e-07
3.658523201011121315e-07
3.660414638164054276e-07
3.662135402139808233e-07
3.663698797546592949e-07
3.665118336877120284e-07
3.666405765605824231e-07
3.667565345365022085e-07
3.668616409413516649e-07
3.669568104669451968e-07
3.670429474108719454e-07
3.671208521284695282e-07
3.671912730039496682e-07
3.672548960561730896e-07
3.673123345444245185e-07
3.673641705453129966e-07
