2.084209816796438880e-02
2.064735208238874242e-02
2.039954389844621935e-02
2.013680832726614731e-02
1.987996714455740957e-02
1.962003912244524376e-02
1.937501805169241850e-02
1.914921454020909047e-02
1.894359452383858819e-02
1.875104972294398820e-02
1.857327154704502617e-02
1.840354817254202802e-02
1.823465398379734564e-02
1.806733352797372169e-02
1.790763718741280805e-02
1.775452188083103885e-02
1.760704330035618367e-02
1.746318135942731553e-02
1.732540352003915027e-02
1.719856909343174534e-02
1.708563310759408232e-02
1.698380146707807389e-02
1.689003195081438188e-02
1.679994072232927557e-02
1.671275513512747793e-02
1.663062436240059921e-02
1.655272415706089684e-02
1.647771767207554389e-02
1.640372310365949271e-02
1.633130703653607949e-02
1.625961644308907689e-02
1.618756277220589901e-02
1.611680507659912082e-02
1.605161717959812870e-02
1.599276747022356296e-02
1.593958701406206560e-02
1.589099492345537323e-02
1.584420136043003524e-02
1.579733507973807294e-02
1.575077516692025351e-02
1.570455959865025078e-02
1.565949457032339912e-02
1.561742952891758546e-02
1.557727166584559932e-02
1.553653308323451471e-02
1.549425346510750930e-02
1.545135787555149652e-02
1.541068400655474027e-02
1.537386877196175727e-02
1.534008451870509486e-02
1.530715686934334963e-02
1.527483344078063923e-02
1.524347186088561949e-02
1.521287305014474081e-02
1.518292324883597187e-02
1.515326806477138022e-02
1.512414693832397385e-02
1.509606514658246718e-02
1.507015313420976936e-02
1.504209297043936598e-02
1.500629339899335613e-02
1.497292893273489793e-02
1.494419063840593531e-02
1.491845880235944527e-02
1.489387989044189432e-02
1.487061602728707507e-02
1.484993406704493944e-02
1.483302082334245903e-02
1.481891989707946784e-02
1.480590343475341776e-02
1.479250516210283556e-02
1.477687784603663908e-02
1.475863899503435453e-02
1.474062766347612567e-02
1.472469857760838087e-02
1.470994523593357681e-02
1.469556604112897541e-02
1.468136906623840332e-02
1.466792498316083632e-02
1.465564506394522598e-02
1.464374525206429620e-02
1.463160463741847508e-02
1.461931194577898233e-02
1.460763795035226013e-02
1.459767239434378409e-02
1.458761044910975892e-02
1.457447171211242662e-02
1.455599870000566683e-02
1.453451292855399007e-02
1.451286196708679276e-02
1.449178576469421428e-02
1.447237474577767538e-02
1.445575560842241557e-02
1.444288015365600628e-02
1.443097591400146519e-02
1.441748482840401850e-02
1.440263237271990036e-02
1.438709889139447827e-02
1.437165072986057793e-02
1.435883249555315253e-02
