2.086576291493007218e-02
2.078461136136736109e-02
2.068658079419817206e-02
2.057659012930733791e-02
2.046222993305751164e-02
2.034679072243826894e-02
2.022901058197021373e-02
2.010514123099190961e-02
1.997171912874494415e-02
1.982792309352329752e-02
1.967625958578927275e-02
1.951969078608921729e-02
1.936125687190464600e-02
1.920010975428989783e-02
1.903665236064365843e-02
1.887123312268938410e-02
1.870588404791695761e-02
1.854408196040562354e-02
1.838711397988455551e-02
1.823470354080200181e-02
1.808506829398019017e-02
1.793637207576206580e-02
1.778856277465820299e-02
1.764377338545662990e-02
1.750464626720973568e-02
1.736999051911490219e-02
1.723700574466160290e-02
1.710579071726117673e-02
1.697668535368783080e-02
1.684911438396998959e-02
1.672345757484436021e-02
1.659845232963562053e-02
1.647431373596191378e-02
1.635635188647678942e-02
1.624591776302882623e-02
1.614055088588169790e-02
1.604013017245701361e-02
1.594483682087489626e-02
1.585208552224295561e-02
1.575971875871930855e-02
1.566909432411194014e-02
1.558373672621590766e-02
1.550630569458007896e-02
1.543572221483503065e-02
1.536975605147225532e-02
1.530605384281703320e-02
1.524453895432608536e-02
1.518608127321515767e-02
1.513075794492449097e-02
1.507764628955296157e-02
1.502653275217328763e-02
1.497895172664097385e-02
1.493569067546299603e-02
1.489545890263148722e-02
1.485741104398454956e-02
1.482163071632385323e-02
1.478769983564104384e-02
1.475451810019356817e-02
1.472060663359505729e-02
1.468565464019775356e-02
1.464993102209908617e-02
1.461368305342538101e-02
1.457669615745544461e-02
1.453899877411978653e-02
1.450124093464442640e-02
1.446425267628261013e-02
1.442772950444902620e-02
1.439034189496721586e-02
1.435087408338274299e-02
1.430916479655674513e-02
1.426517469542367203e-02
1.422012226922171434e-02
1.417753509112766770e-02
1.413958242961338603e-02
1.410483598709106473e-02
1.407198224748883869e-02
1.404104982103620246e-02
1.401273267609732566e-02
1.398668629782540487e-02
1.396319593702043810e-02
1.394248706953866122e-02
1.392455918448311930e-02
1.390845179557800328e-02
1.389429790633065279e-02
1.388207503727504136e-02
1.387119770050048752e-02
1.386098827634538871e-02
1.385132363864353781e-02
1.384129949978419628e-02
1.382960115160260933e-02
1.381485530308314801e-02
1.379743388720921192e-02
1.377901843615940598e-02
1.376069699014936115e-02
1.374190415654863613e-02
1.372237103325980000e-02
1.370296222823006761e-02
1.368395226342337435e-02
1.366612468447003965e-02
1.365058047430855841e-02
