2.087372507367815308e-02
2.077934265136718861e-02
2.064164331981114056e-02
2.049844026565551813e-02
2.031209775379725843e-02
2.010845218385969024e-02
1.988436256136212957e-02
1.965407507760184164e-02
1.941240412848336400e-02
1.916055168424333696e-02
1.891350269317626856e-02
1.867978913443429229e-02
1.845590284892490926e-02
1.823509352547781834e-02
1.801454918725150026e-02
1.779869675636291601e-02
1.759219050407409557e-02
1.739712238311767745e-02
1.721232158797127848e-02
1.703758018357413168e-02
1.686799151556832299e-02
1.671013270105634399e-02
1.656093120574951214e-02
1.641533323696681493e-02
1.627129197120666393e-02
1.612516709736415421e-02
1.598158751215253415e-02
1.584445016724722599e-02
1.571058341435023833e-02
1.558010782514299662e-02
1.545829330171857516e-02
1.534890583583286769e-02
1.524874465806143678e-02
1.515044467789786187e-02
1.505470991134643527e-02
1.496621455465044215e-02
1.488687736647469582e-02
1.481436780520847818e-02
1.474485107830592577e-02
1.468072158949715669e-02
1.462126629693167625e-02
1.456689221518380276e-02
1.451568569455827934e-02
1.446471299443926120e-02
1.441157851900373189e-02
1.435601506914411206e-02
1.430234347070966430e-02
1.425255417823791462e-02
1.421054465430123502e-02
1.417387536593845906e-02
1.413720761026654969e-02
1.410184587751116096e-02
1.407039982931954439e-02
1.404368230274745388e-02
1.401807972363063211e-02
1.398907899856567313e-02
1.395816036633082749e-02
1.392361538750784729e-02
1.388278126716613846e-02
1.383617997169494553e-02
1.379171592848641575e-02
1.375338077545166030e-02
1.372057369777134571e-02
1.369088070733206694e-02
1.365974051611764176e-02
1.362769944327218118e-02
1.359879953520638611e-02
1.357360652514866435e-02
1.354911787169320314e-02
1.352224128586905320e-02
1.349545887538364936e-02
1.347419926098414843e-02
1.345844694546290826e-02
1.344498634338378920e-02
1.343027455466134189e-02
1.341352292469569565e-02
1.339251313890729711e-02
1.337109599794660333e-02
1.334748080798557786e-02
1.332576496260506720e-02
1.330624835831778312e-02
1.329052158764430433e-02
1.327805808612278482e-02
1.326885155269077847e-02
1.326206071036202527e-02
1.325542586190360007e-02
1.324850797653198166e-02
1.323996646063668389e-02
1.323276128087724941e-02
1.322797213281903979e-02
1.322238019534519721e-02
1.321634462901524060e-02
1.320925014359610426e-02
1.319843496595110230e-02
1.318401762417384555e-02
1.317045279911586292e-02
1.316139800207955478e-02
1.315390586853027420e-02
1.314543979508536221e-02
1.313447441373552516e-02
