2.011232737983975963e-03
1.770593694278172056e-03
1.521545307976858875e-03
1.298087537288665667e-03
1.125818969947951168e-03
9.752531136785234445e-04
8.464096433350018142e-04
7.279466784426144111e-04
6.306019824530397682e-04
5.492617509194782895e-04
4.757440249834741695e-04
4.117137246898242291e-04
3.570390572505337625e-04
3.060925392700093403e-04
2.625311631709337256e-04
2.237690825547490798e-04
1.921389305165835816e-04
1.651893662554877100e-04
1.427106665713446371e-04
1.230150773855192441e-04
1.067966784882758288e-04
9.285226031871779244e-05
8.206861492778573508e-05
7.308565462673348575e-05
6.462226480445159248e-05
5.758826837076672230e-05
5.145454047513859454e-05
4.536443269379170692e-05
4.027850593307188862e-05
3.566205838329291564e-05
3.188471078049458294e-05
2.844147797856879097e-05
2.505071178477789653e-05
2.216734954605012093e-05
1.925507547899282497e-05
1.674281950337379833e-05
1.438309963954712447e-05
1.235698454235846737e-05
1.062320316642788975e-05
9.248555262664532478e-06
7.986532777327478498e-06
7.031382075573284198e-06
6.487389299374106676e-06
5.609560591567840219e-06
5.059550816700460786e-06
4.630457068352760084e-06
4.135847507963522771e-06
3.837237402746852899e-06
3.476149694116819512e-06
3.200468896206335462e-06
2.973766708497091187e-06
2.736305863696283685e-06
2.739149261157893327e-06
2.345482301149916247e-06
2.378294294820599599e-06
2.032764930066020596e-06
1.913945917684551720e-06
1.792085287369055913e-06
1.805474008246424821e-06
1.591162306015446244e-06
1.512674397028084563e-06
1.422803901992405637e-06
1.349504478379718199e-06
1.294313224207144180e-06
1.219818048931691548e-06
1.162261864270216657e-06
1.110893499571830094e-06
1.064825846697203730e-06
1.100516601582057816e-06
1.060553417378936664e-06
1.022433378758640720e-06
9.865655816351395923e-07
9.633951309037262126e-07
9.224752232382473609e-07
9.102089799333563492e-07
8.675624979202569069e-07
7.780239944362879410e-07
7.568574099942842123e-07
7.367375266247628632e-07
6.559433599509897158e-07
6.402101124487152499e-07
6.259022146488340112e-07
6.124953376586615925e-07
5.311400075567820225e-07
5.875810503701878832e-07
5.767603761341888373e-07
5.661117497116460828e-07
5.559184864978305699e-07
4.891549256821496007e-07
4.820098001800943208e-07
4.751550373579708116e-07
4.687613623640832827e-07
4.739672606644619985e-07
4.019061894463707690e-07
3.500913745873341691e-07
3.475905474000942954e-07
3.452130398987459678e-07
3.429838761803694154e-07
2.936419410356653026e-07
2.927710322962541460e-07
