6.136486530303954939e-02
5.783419609069824496e-02
5.300462841987609725e-02
4.757388234138489047e-02
4.281008839607238631e-02
3.876937329769134660e-02
3.503071367740630965e-02
3.176025748252868375e-02
2.914733588695526262e-02
2.685992121696472237e-02
2.467592507600784371e-02
2.271722406148910661e-02
2.100241184234619141e-02
1.953520178794860770e-02
1.848743706941604475e-02
1.775212287902832101e-02
1.712042540311813424e-02
1.656309217214584420e-02
1.615798771381378104e-02
1.592650711536407540e-02
1.580591350793838362e-02
1.574386507272720198e-02
1.571251153945922921e-02
1.569594889879226754e-02
1.568658500909805159e-02
1.568087786436080794e-02
1.567730754613876412e-02
1.567490100860595773e-02
1.567322760820388794e-02
1.567200422286987166e-02
1.567109376192092965e-02
1.567038148641586304e-02
1.566981226205825875e-02
1.566935330629348755e-02
1.566896736621856828e-02
1.566865295171737671e-02
1.566839069128036360e-02
1.566814631223678589e-02
1.566794663667678972e-02
1.566777974367141585e-02
1.566763073205947737e-02
1.566749364137649467e-02
1.566736996173858504e-02
1.566726267337799003e-02
1.566716730594635079e-02
1.566707640886306693e-02
1.566699743270873885e-02
1.566692888736724923e-02
1.566686481237411499e-02
1.566679775714874268e-02
1.566674560308456421e-02
1.566669046878814767e-02
1.566663831472396920e-02
1.566659659147262573e-02
1.566655188798904419e-02
1.566651314496993880e-02
1.566646993160247803e-02
1.566644310951232841e-02
1.566641181707382341e-02
1.566638052463531494e-02
1.566635221242904802e-02
1.566632091999053955e-02
1.566629260778427263e-02
1.566627025604248186e-02
1.566625088453292916e-02
1.566622257232665877e-02
1.566620320081710954e-02
1.566617935895919800e-02
1.566615402698516915e-02
1.566613465547561646e-02
1.566611826419830183e-02
1.566610187292099068e-02
1.566608697175979684e-02
1.566606462001800606e-02
1.566604375839233260e-02
1.566603034734725952e-02
1.566601544618606567e-02
1.566600054502487183e-02
1.566598266363143990e-02
1.566596329212188721e-02
1.566594988107681413e-02
1.566593199968337874e-02
1.566591709852218489e-02
1.566590517759323259e-02
1.566588878631591797e-02
1.566587686538696220e-02
1.566586494445800642e-02
1.566585153341293335e-02
1.566583961248397758e-02
1.566582769155502181e-02
1.566581577062606950e-02
1.566580086946487566e-02
1.566578894853591988e-02
1.566578000783920219e-02
1.566576212644577026e-02
1.566575318574905257e-02
1.566573828458785872e-02
1.566572636365890642e-02
1.566571444272995065e-02
1.566570103168487410e-02
