2.739153504371643223e-03
2.462152838706970197e-03
2.262176126241684064e-03
2.096338719129562430e-03
1.954169571399688807e-03
1.823373287916183394e-03
1.707657277584075962e-03
1.604222208261489851e-03
1.507946550846099880e-03
1.417670696973800720e-03
1.330264657735824628e-03
1.260676383972167934e-03
1.195573434233665423e-03
1.128403842449188146e-03
1.069585159420967163e-03
1.014201417565345747e-03
9.620188921689987573e-04
9.131401777267456488e-04
8.680167794227600488e-04
8.223132789134979552e-04
7.830352336168289662e-04
7.438894361257552667e-04
7.082538306713104335e-04
6.716404110193252780e-04
6.398037075996398926e-04
6.081707403063773979e-04
5.791149660944938313e-04
5.513178929686545935e-04
5.251252651214599262e-04
5.001913383603095878e-04
4.764460772275924834e-04
4.496444389224052234e-04
4.267087206244468689e-04
4.043237864971160759e-04
3.815205767750739834e-04
3.596066311001777584e-04
3.383552283048629522e-04
3.180510178208351070e-04
2.989313192665576913e-04
2.810501679778099125e-04
2.644703164696693659e-04
2.489688433706760493e-04
2.344836853444576285e-04
2.209088392555713632e-04
2.081014215946197618e-04
1.965653151273727363e-04
1.854935474693775112e-04
1.752175390720367377e-04
1.651812344789505005e-04
1.566156186163425359e-04
1.488672196865081711e-04
1.417514029890298876e-04
1.349916309118270907e-04
1.294607017189264254e-04
1.241747569292783781e-04
1.193046290427446322e-04
1.147706527262926129e-04
1.105555333197116906e-04
1.066800113767385423e-04
1.030712854117155048e-04
9.969424456357956366e-05
9.528496302664279667e-05
9.205282665789127458e-05
8.881333284080028209e-05
8.555579930543899211e-05
8.235555142164230889e-05
7.920242846012116075e-05
7.616793736815452305e-05
7.328089326620101441e-05
7.053097710013389371e-05
6.793887820094824054e-05
6.427348591387272315e-05
6.201215554028749303e-05
5.988010205328464210e-05
5.786365829408168549e-05
5.595326889306306649e-05
5.414215382188558551e-05
5.243635270744562447e-05
5.080786533653736006e-05
4.928066395223140635e-05
4.783832468092441749e-05
4.647375550121069171e-05
4.512124694883823368e-05
4.391634371131658771e-05
4.277742933481931768e-05
4.171346314251422692e-05
4.070996772497892624e-05
3.975049592554568946e-05
3.884393954649567875e-05
3.798030549660325349e-05
3.715846221894025911e-05
3.607876133173704283e-05
3.494074102491140284e-05
3.421973204240203012e-05
3.351987106725573540e-05
3.285449463874101883e-05
3.222658531740307916e-05
3.163079731166362546e-05
3.106312360614538328e-05
3.052739426493644796e-05
