7.836956381797791082e-02
7.111520171165466864e-02
6.458469033241272250e-02
5.874493122100830217e-02
5.337434411048889299e-02
4.816891252994537354e-02
4.316364824771880965e-02
3.841484785079955777e-02
3.388114869594573836e-02
2.963245809078216692e-02
2.582617700099944930e-02
2.255333960056304932e-02
1.965750604867935042e-02
1.705366671085357597e-02
1.472258567810058594e-02
1.276654005050659180e-02
1.118100136518478463e-02
9.804275631904602745e-03
8.600762486457825054e-03
7.615056633949279612e-03
6.832504272460937153e-03
6.218174472451210022e-03
5.680776759982108723e-03
5.204579979181289846e-03
4.767032712697983135e-03
4.344774410128593445e-03
3.945239260792732586e-03
3.560192883014678955e-03
3.190241754055023193e-03
2.836843207478523428e-03
2.500960044562816533e-03
2.185441367328166788e-03
1.882849633693694982e-03
1.600653305649757299e-03
1.344100199639797297e-03
1.106206513941287951e-03
8.883032016456127600e-04
7.065129000693559213e-04
5.557728931307792447e-04
4.345111083239316940e-04
3.399326698854565512e-04
2.691633068025112369e-04
2.163309138268232237e-04
1.683933776803314794e-04
1.289683510549366420e-04
9.528023656457662582e-05
6.828861660324037075e-05
4.633980861399322613e-05
2.964956802316010066e-05
1.705827453406527571e-05
8.629047079011797566e-06
3.540432226145639931e-06
1.295559741265606135e-06
9.461303307034541345e-07
9.481721463089343584e-07
9.500337000645231244e-07
9.517300895822700537e-07
9.532751391816418406e-07
9.546815817884635180e-07
9.559613317833282901e-07
9.571252121531870640e-07
9.581834092386998660e-07
9.591450179868844253e-07
9.600187695468776352e-07
9.608122127247042530e-07
9.615325325285084122e-07
9.621862773201428354e-07
9.627795407141093588e-07
9.633175068302080459e-07
9.638052688387689096e-07
9.642474651627708650e-07
9.646481885283718901e-07
9.650112588133198125e-07
9.653400411480107260e-07
9.656377187639008360e-07
9.659071110945661468e-07
9.661508556746412916e-07
9.663712262408807027e-07
9.665704965300392359e-07
9.667505764809902757e-07
9.669132850831373679e-07
9.670601684774736958e-07
9.671926818555221809e-07
9.673121894593350589e-07
9.674199645814951509e-07
9.675170076661742800e-07
9.676043191575444811e-07
9.676828994997777892e-07
9.677534762886352414e-07
9.678167771198787219e-07
9.678737114882095801e-07
9.679245522420388139e-07
9.679700269771274603e-07
9.680106813902966678e-07
9.680467883299570107e-07
9.680789844423998994e-07
9.681076335255057467e-07
9.681329174782148647e-07
9.681552000984083014e-07
9.681747542344964194e-07
