1.055322448412577239e-02
9.618675311406452849e-03
8.793615102767944613e-03
8.052103718121846401e-03
7.374629974365234063e-03
6.748245954513549735e-03
6.156076192855835377e-03
5.586525201797485143e-03
5.032453735669454274e-03
4.511114557584126536e-03
4.029569824536641427e-03
3.605839411417643015e-03
3.210812409718831299e-03
2.844564914703368984e-03
2.501448194185892926e-03
2.193196813265482423e-03
1.925039192040761248e-03
1.718986084063847935e-03
1.495319257179896031e-03
1.319286674261093166e-03
1.209357678890228202e-03
1.103848765293757124e-03
9.912335375944773992e-04
9.024417897065480131e-04
8.228107541799544811e-04
7.501512269179026618e-04
6.854359308878580888e-04
6.315941611925760760e-04
5.906563252210617282e-04
5.617935955524444840e-04
5.345759540796280428e-04
5.100888262192408229e-04
4.863543808460235401e-04
4.622768114010492859e-04
4.284557948509852185e-04
4.060533766945203268e-04
3.855539982517560099e-04
3.649825230240821838e-04
3.451349213719367873e-04
3.272553160786628463e-04
3.102076550324758038e-04
2.939434970418612430e-04
2.786807653804620338e-04
2.638966279725233829e-04
2.493385473887125810e-04
2.354855152467886614e-04
2.225832641124725266e-04
2.102424949407577547e-04
1.977840748926003702e-04
1.859082281589508078e-04
1.742880977690219998e-04
1.628811843693256346e-04
1.520020204285780585e-04
1.413770392537117026e-04
1.308123208582401308e-04
1.206254865974187894e-04
1.108229036132494556e-04
1.022065182526906302e-04
9.394737115750709971e-05
8.651407745977243420e-05
8.009346900507808111e-05
7.510835227246086254e-05
7.117541351666052468e-05
6.857961843100686633e-05
6.691320498551552856e-05
6.622909880510026990e-05
6.581169580992233159e-05
6.539054419893848514e-05
6.497893213236238591e-05
6.453257951458605645e-05
6.409598607812464659e-05
6.360302278456704658e-05
6.314634483108723612e-05
6.265299333487443388e-05
6.213924871190101840e-05
6.160175278637325771e-05
6.105309781560208052e-05
6.046898316829659689e-05
5.989718633524413588e-05
5.932955573977475639e-05
5.875243251163434551e-05
5.817906054896108812e-05
5.764006841976273166e-05
5.715366078826870694e-05
5.669350643074721948e-05
5.619325827259066038e-05
5.573260681558167752e-05
5.526612241737893674e-05
5.480851403869261456e-05
5.434685514652907312e-05
5.389789115118522327e-05
5.341120666344068122e-05
5.292910871503408700e-05
5.245131810321860790e-05
5.198567669140174985e-05
5.149099534416261054e-05
5.102315971574474202e-05
5.054200200296084472e-05
5.005990889306607099e-05
4.960152015579902962e-05
