6.086941957473755022e-02
5.990106463432311873e-02
5.881766676902770719e-02
5.764889121055603166e-02
5.641250014305114469e-02
5.511586070060729703e-02
5.379154682159423967e-02
5.243868231773376326e-02
5.108875632286071639e-02
4.972784221172332764e-02
4.836277961730957309e-02
4.697875678539276123e-02
4.558344483375549594e-02
4.418151080608367920e-02
4.276393949985504012e-02
4.132897853851318082e-02
3.985359370708465437e-02
3.833902776241302629e-02
3.672814071178436002e-02
3.501666486263275285e-02
3.320311009883880615e-02
3.131454586982727190e-02
2.941336035728454520e-02
2.760337293148040771e-02
2.593483328819274833e-02
2.446511238813400130e-02
2.320365160703658988e-02
2.214811146259308000e-02
2.129044383764266968e-02
2.061977833509445052e-02
2.011110335588455270e-02
1.972607225179672311e-02
1.943926811218261649e-02
1.922140121459960799e-02
1.905597001314163208e-02
1.892686039209365984e-02
1.882483810186386108e-02
1.874255836009979317e-02
1.867454946041107247e-02
1.861656457185745239e-02
1.856504678726196220e-02
1.851654350757598808e-02
1.846793889999389510e-02
1.841392070055008004e-02
1.834779083728790144e-02
1.826275885105133057e-02
1.814524531364440987e-02
1.798449307680129866e-02
1.775870621204376359e-02
1.746492832899093628e-02
1.711562722921371529e-02
1.675893068313598702e-02
1.644090265035629342e-02
1.620577573776245048e-02
1.605322510004043510e-02
1.596319228410720756e-02
1.591055691242217879e-02
1.587918251752853255e-02
1.585939377546310286e-02
1.584613919258117537e-02
1.583672612905502250e-02
1.582926958799362252e-02
1.582359522581100464e-02
1.581861823797225952e-02
1.581443399190902641e-02
1.581064015626907487e-02
1.580737829208373954e-02
1.580435931682586809e-02
1.580142825841903548e-02
1.579902172088622908e-02
1.579650491476058960e-02
1.579401940107345512e-02
1.579183936119079451e-02
1.578982770442962508e-02
1.578786820173263411e-02
1.578601598739624162e-02
1.578421443700790336e-02
1.578240841627120972e-02
1.578063964843750069e-02
1.577914804220199516e-02
1.577758640050887923e-02
1.577615588903426985e-02
1.577478498220443587e-02
1.577328443527221610e-02
1.577191650867462019e-02
1.577071547508239815e-02
1.576942652463913033e-02
1.576818972826004098e-02
1.576698720455169817e-02
1.576592326164245536e-02
1.576477587223052909e-02
1.576362699270248552e-02
1.576246172189712386e-02
1.576144248247146606e-02
1.576038151979446481e-02
1.575939506292343278e-02
1.575840711593627999e-02
1.575746834278106759e-02
1.575649380683898787e-02
1.575554609298706124e-02
