1.099785268306732212e-02
7.031287749608357805e-03
4.411986966927846504e-03
2.636033296585083181e-03
1.454823960860570200e-03
7.923013220230738177e-04
4.466827027499675968e-04
2.081103622913360487e-04
1.143779993678132684e-04
5.314021448915203503e-05
1.590184498733530284e-05
2.466520072630373761e-07
2.572703124315012352e-07
2.668741217348724710e-07
2.755705584907748976e-07
2.834529974885905535e-07
2.906033842009492113e-07
2.970939021906815575e-07
3.029882767198918013e-07
3.083433208909506458e-07
3.132095419762966463e-07
3.176322631285680832e-07
3.216521387609342699e-07
3.253057305604064357e-07
3.286261138176390316e-07
3.316430896423601997e-07
3.343837306601926579e-07
3.368725629115942760e-07
3.391318993332485429e-07
3.411819307075347751e-07
3.430411804098791097e-07
3.447263528263041376e-07
3.462528184172697365e-07
3.476344924517131277e-07
3.488841684884391831e-07
3.500133971101604296e-07
3.510328497213777261e-07
3.519521366494397393e-07
3.527801406259337814e-07
3.535249258372156535e-07
3.541938895068596943e-07
3.547936709461888884e-07
3.553305456686454373e-07
3.558100009589300837e-07
3.562372512533329427e-07
3.566169349748330882e-07
3.569533267485288106e-07
3.572503374016378287e-07
3.575114836470068672e-07
3.577400396655623935e-07
3.579389461568401435e-07
3.581109012884553310e-07
3.582583606961028065e-07
3.583835981165369493e-07
3.584886447545917225e-07
3.585753499161607240e-07
3.586453810081972395e-07
3.587003448046743976e-07
3.587416055476448047e-07
3.587704365296910171e-07
3.587880807269054331e-07
3.587955082669698767e-07
3.587937195940563829e-07
3.587835938863766725e-07
3.587659496891622566e-07
3.587415145981746486e-07
3.587109252597049944e-07
3.586747576870644945e-07
3.586336182100542955e-07
3.585880222090054409e-07
3.585383334817985552e-07
3.584849764592945787e-07
3.584283755723542400e-07
3.583688643023682173e-07
3.583067154977470848e-07
3.582422626398814151e-07
3.581756573112215741e-07
3.581072329931581873e-07
3.580371412681415677e-07
3.579655943516020797e-07
3.578927438259900893e-07
3.578188019067359609e-07
3.577437989103297463e-07
3.576680076851820199e-07
3.575914282312927288e-07
3.575141818146221340e-07
3.574364200176205486e-07
3.573581428402879727e-07
3.572795018650746664e-07
3.572005274084707348e-07
3.571213407364363330e-07
3.570419115324815150e-07
3.569623610625664358e-07
3.568827196431812005e-07
3.568030175908158082e-07
3.567232852219604168e-07
3.566435831695950244e-07
3.565639114337197371e-07
3.564843609638046579e-07
3.564048408103796308e-07
