1.448676268259684215e-02
1.412882288297017362e-02
1.378290057182312081e-02
1.344529072443644176e-02
1.311256289482116630e-02
1.278529763221740792e-02
1.246141632397969497e-02
1.213929732640584361e-02
1.181935151418050077e-02
1.150084177652994748e-02
1.118628819783528718e-02
1.087276935577392509e-02
1.055999835332234633e-02
1.024707635243733705e-02
9.934012095133464351e-03
9.621831973393758786e-03
9.310473601023355750e-03
9.002891778945922366e-03
8.699421087900798336e-03
8.403167724609375555e-03
8.112765153249105327e-03
7.832749287287393489e-03
7.560438712437947233e-03
7.294690012931823522e-03
7.037816445032755129e-03
6.788615584373474537e-03
6.545618971188863280e-03
6.308019955952962401e-03
6.072776714960734061e-03
5.840638081232706752e-03
5.611732999483744384e-03
5.387897690137227746e-03
5.165532926718394320e-03
4.947400887807209928e-03
4.731555879116058731e-03
4.519538283348083739e-03
4.312635660171509032e-03
4.106827378273010531e-03
3.910043338934580254e-03
3.717096845308939627e-03
3.534987568855285645e-03
3.353470514218012677e-03
3.184195359547933001e-03
3.021349608898162790e-03
2.863098184267679792e-03
2.705072065194447702e-03
2.554867813984553100e-03
2.401447147130966395e-03
2.264909644921620727e-03
2.134581605593363629e-03
2.010057618220646974e-03
1.875399450461069737e-03
1.759098817904790292e-03
1.646017804741859358e-03
1.542959809303283674e-03
1.438754474123318935e-03
1.341708948214848920e-03
1.237444579601287842e-03
1.148820320765177490e-03
1.065743789076805054e-03
9.632664670546849149e-04
8.911930893858273839e-04
8.220720539490381342e-04
7.575508207082748413e-04
6.970528513193130927e-04
6.406329075495402134e-04
5.858984403312206572e-04
5.381410631040731921e-04
4.940267341832319534e-04
4.534071000913779122e-04
4.163829671839872765e-04
3.778240581353505575e-04
3.451921728750069777e-04
3.161436133086681323e-04
2.895163247982661067e-04
2.638009749352932106e-04
2.411225313941637791e-04
2.199722640216350675e-04
2.016573896010716706e-04
1.850861155738433249e-04
1.701129724582036307e-04
1.563328038901090687e-04
1.437340738872686888e-04
1.324593089520931298e-04
1.215995320429404515e-04
1.118154047677914271e-04
1.028277880201737147e-04
9.472973955174287793e-05
8.728968600432078333e-05
8.081816447277864236e-05
7.257926898698012106e-05
6.705054702858130372e-05
6.200469409426053998e-05
5.738424137234687859e-05
5.298133784284194509e-05
4.921126800278822247e-05
4.566325806081295284e-05
4.256605170667171207e-05
3.971519879996776825e-05
3.705518242592612785e-05
