7.235404849052429199e-02
6.437130570411682406e-02
5.679854750633239746e-02
4.978758692741393904e-02
4.349493384361267229e-02
3.799157738685608049e-02
3.330583572387695035e-02
2.935523092746734550e-02
2.609076201915740828e-02
2.322419881820678850e-02
2.041256278753280501e-02
1.761071383953094482e-02
1.478526294231414726e-02
1.200923249125480582e-02
9.595203399658202431e-03
7.633330672979355205e-03
6.130592152476310903e-03
4.829179495573043823e-03
3.729494661092758092e-03
2.842276357114315033e-03
2.162040770053863612e-03
1.634190790355205536e-03
1.222899463027715726e-03
8.731304667890071435e-04
5.535082425922154947e-04
3.118712920695543289e-04
1.233596587553620230e-04
1.481790095567703281e-05
7.658396498300134924e-07
7.752037163299974054e-07
7.837899829610250467e-07
7.916562026366591030e-07
7.988575816852971488e-07
8.054458703554700848e-07
8.114693628158420324e-07
8.169735338015016380e-07
8.220005838666110807e-07
8.265898031822871205e-07
8.307772986881901002e-07
8.345968126377556685e-07
8.380793588003143668e-07
8.412533134105615741e-07
8.441451427643187556e-07
8.467791303701233119e-07
8.491771950502879494e-07
8.513599823345429772e-07
8.533463187632150525e-07
8.551532118872273925e-07
8.567963959649204996e-07
8.582903319620526904e-07
8.596481166023295161e-07
8.608819371147546494e-07
8.620027074357494712e-07
8.630205229565035340e-07
8.639446605229749852e-07
8.647834874864201993e-07
8.655445526528638280e-07
8.662349500809796366e-07
8.668610462336801416e-07
8.674286618770566049e-07
8.679429811309091959e-07
8.684089152666274035e-07
8.688310117577203042e-07
8.692130904819350901e-07
8.695588803675491151e-07
8.698715646460186902e-07
8.701543265487999148e-07
8.704098036105278456e-07
8.706405424163677010e-07
8.708489076525438577e-07
8.710367183084599674e-07
8.712060662219300443e-07
8.713586794328875840e-07
8.714960131328552961e-07
8.716193406144156840e-07
8.717302080185618252e-07
8.718297067389358047e-07
8.719188372197095516e-07
8.719985089555848390e-07
8.720697223907337016e-07
8.721331141714472324e-07
8.721895028429571539e-07
8.722395250515546650e-07
8.722838174435309642e-07
8.723229257157072001e-07
8.723571227164939469e-07
8.723871360416524536e-07
8.724132385395932943e-07
8.724357030587270432e-07
8.724549843464046928e-07
8.724714462005067617e-07
8.724850886210333556e-07
8.724963663553353611e-07
8.725055522518232465e-07
8.725126463104971177e-07
8.725180123292374932e-07
8.725217412575148470e-07
8.725240149942692793e-07
8.725249244889710522e-07
8.725245606910903219e-07
