2.449318408966064467e-02
2.436233520507812347e-02
2.419979810714721624e-02
2.409415245056152274e-02
2.404933452606201200e-02
2.401736736297607408e-02
2.398294448852538938e-02
2.394594430923462081e-02
2.389598369598388769e-02
2.381059885025024400e-02
2.371281623840331906e-02
2.363382577896118095e-02
2.356672048568725711e-02
2.350568294525146387e-02
2.344696521759033134e-02
2.338808298110961817e-02
2.332711458206176633e-02
2.326359033584594893e-02
2.319915533065795843e-02
2.313667774200439328e-02
2.307853937149047935e-02
2.302640676498413086e-02
2.297977685928344685e-02
2.293644666671752763e-02
2.289324283599853543e-02
2.284873962402343694e-02
2.280271768569946261e-02
2.275527954101562444e-02
2.270807027816772530e-02
2.266328573226928864e-02
2.262118101119995131e-02
2.258121967315673828e-02
2.254191637039184432e-02
2.250111103057861328e-02
2.245829343795776450e-02
2.241349697113037207e-02
2.236919403076171806e-02
2.232790231704711789e-02
2.228896141052245927e-02
2.225092887878418052e-02
2.221472978591918987e-02
2.218140125274658050e-02
2.215016365051269628e-02
2.211874008178710965e-02
2.208503484725952287e-02
2.204882144927978668e-02
2.201070785522461076e-02
2.196998357772826996e-02
2.192732810974121205e-02
2.188493013381958077e-02
2.184411764144897350e-02
2.180494070053100655e-02
2.176740407943725600e-02
2.173132181167602636e-02
2.169697999954223536e-02
2.166378736495971555e-02
2.163019657135009655e-02
2.159538507461547865e-02
2.155820846557617021e-02
2.151782274246215668e-02
2.147359609603881683e-02
2.142587184906005748e-02
2.137515544891357283e-02
2.132248640060424930e-02
2.126946926116943248e-02
2.121809244155883900e-02
2.116872310638427679e-02
2.112108469009399414e-02
2.107457637786865068e-02
2.102796792984008845e-02
2.098107576370239133e-02
2.093187570571899275e-02
2.088005542755127023e-02
2.082648992538452259e-02
2.077346801757812625e-02
2.072241306304931779e-02
2.067328214645385714e-02
2.062686920166015639e-02
2.058384656906128013e-02
2.054467201232910295e-02
2.050938367843627846e-02
2.047731876373291154e-02
2.044685363769531417e-02
2.041605949401855552e-02
2.038297653198242049e-02
2.034510135650634613e-02
2.030128717422485449e-02
2.025619268417358509e-02
2.021700143814086914e-02
2.018549203872680581e-02
2.015742063522339006e-02
2.013136386871337835e-02
2.010617971420287919e-02
2.008016824722290081e-02
2.005231380462646484e-02
2.002248764038085799e-02
1.998891234397888114e-02
1.995368599891662528e-02
1.991809606552124093e-02
1.988322734832763741e-02
