2.451524972915649497e-02
2.446275949478149414e-02
2.437161684036254911e-02
2.428835630416870117e-02
2.421688556671142481e-02
2.411207437515258678e-02
2.398770093917846832e-02
2.384441137313842926e-02
2.369268655776977581e-02
2.354377269744873172e-02
2.340934753417968708e-02
2.330705404281616100e-02
2.323733091354369951e-02
2.318463802337646443e-02
2.313400268554687347e-02
2.307761430740356418e-02
2.301499843597411971e-02
2.294831514358520660e-02
2.288465738296508942e-02
2.282075643539428766e-02
2.275033712387085003e-02
2.267314195632934640e-02
2.259175300598144365e-02
2.251145362854004017e-02
2.243870735168456906e-02
2.237067222595214705e-02
2.230276107788085882e-02
2.223185777664184529e-02
2.215779304504394628e-02
2.208235502243042006e-02
2.200794219970703125e-02
2.193400621414184556e-02
2.185332298278808497e-02
2.176762342453002902e-02
2.169828891754150418e-02
2.164645433425903265e-02
2.160480022430420061e-02
2.156895637512206906e-02
2.153575420379638672e-02
2.150486230850219560e-02
2.147531747817993039e-02
2.144640684127807617e-02
2.141826629638671903e-02
2.139016628265380873e-02
2.136199235916137751e-02
2.133363246917724734e-02
2.130566358566284013e-02
2.127568960189819489e-02
2.124158382415771568e-02
2.120431661605835100e-02
2.116375446319580106e-02
2.111404895782470828e-02
2.105569362640380762e-02
2.100415945053100628e-02
2.096631288528442300e-02
2.093217372894286971e-02
2.089919805526733315e-02
2.086801767349243109e-02
2.083921670913696164e-02
2.081162452697753878e-02
2.078322172164916853e-02
2.075245380401611467e-02
2.072036981582641574e-02
2.069047689437866072e-02
2.066312789916992243e-02
2.063727140426635867e-02
2.061244726181030162e-02
2.059032440185546917e-02
2.056972503662109208e-02
2.054843664169311510e-02
2.052581310272216797e-02
2.050182104110717662e-02
2.047727346420288169e-02
2.045390367507934556e-02
2.043365478515625153e-02
2.041738271713256989e-02
2.040398120880126953e-02
2.039133310317993095e-02
2.037727117538452176e-02
2.035928964614868233e-02
2.033427000045776381e-02
2.030300140380859528e-02
2.027533769607543779e-02
2.025831222534179785e-02
2.024849414825439370e-02
2.024112462997436357e-02
2.023444175720214705e-02
2.022806882858276326e-02
2.022184133529663155e-02
2.021565675735473647e-02
2.020951032638549846e-02
2.020335435867309445e-02
2.019717931747436537e-02
2.019094705581665067e-02
2.018466234207153334e-02
2.017818212509155107e-02
2.017149686813354478e-02
2.016484260559081934e-02
2.015839099884033161e-02
2.015198230743408050e-02
