2.036454041798909514e-02
2.030746857325236090e-02
2.024483919143676633e-02
2.017607529958089299e-02
2.009877522786458412e-02
2.000982364018758300e-02
1.990860462188720828e-02
1.979214191436767453e-02
1.966242710749308356e-02
1.952020406723022419e-02
1.936485846837361635e-02
1.919589122136433970e-02
1.901405175526936844e-02
1.881921291351318359e-02
1.861034870147705231e-02
1.838749170303344629e-02
1.815032005310058746e-02
1.790101607640584222e-02
1.764298200607299777e-02
1.738199551900227943e-02
1.711600780487060672e-02
1.684351285298665499e-02
1.655944824218750014e-02
1.625894943873087625e-02
1.594047784805298004e-02
1.561127026875813728e-02
1.528668880462646408e-02
1.498188813527425063e-02
1.470108906428019280e-02
1.443739334742228167e-02
1.418076515197753962e-02
1.392497142155965130e-02
1.366971890131632450e-02
1.341644287109374986e-02
1.316909869511922147e-02
1.293033162752787318e-02
1.270288109779357973e-02
1.249377806981404569e-02
1.230261802673339802e-02
1.212540348370869971e-02
1.195575634638468450e-02
1.178625106811523500e-02
1.161350369453430231e-02
1.143825610478719015e-02
1.126963456471761008e-02
1.111413836479186942e-02
1.097097635269165053e-02
1.083843429883321087e-02
1.071341832478841204e-02
1.059244712193807038e-02
1.046920816103617292e-02
1.033831755320231173e-02
1.020505984624226967e-02
1.008430600166320724e-02
9.985618193944294577e-03
9.903521537780761094e-03
9.829241037368773720e-03
9.758554697036743442e-03
9.688217639923096119e-03
9.617648522059122837e-03
9.547723134358724814e-03
9.480646053949992602e-03
9.418573379516601701e-03
9.363098541895547786e-03
9.312862157821654926e-03
9.266589085261027828e-03
9.221784273783366001e-03
9.174547195434569480e-03
9.120396773020426548e-03
9.054061969121297501e-03
8.975817759831746651e-03
8.893595933914184501e-03
8.821593920389810342e-03
8.768952687581380717e-03
8.729988733927409456e-03
8.697144985198974887e-03
8.667229016621907228e-03
8.639096021652222304e-03
8.612308104832967770e-03
8.586389223734537668e-03
8.561564683914184640e-03
8.537114858627318711e-03
8.513910770416259835e-03
8.492083946863810545e-03
8.472056388854979844e-03
8.453463315963744354e-03
8.435916503270466868e-03
8.418411016464233398e-03
8.400400876998901159e-03
8.380918502807617812e-03
8.358328342437744765e-03
8.332819143931070177e-03
8.305909633636475095e-03
8.280058701833089771e-03
8.254953225453694546e-03
8.230080604553222448e-03
8.204239209493001395e-03
8.176860014597574222e-03
8.147920767466227190e-03
8.118555545806885321e-03
