1.574457426156316425e-03
1.389302366546222222e-03
1.222282062683786646e-03
1.074670297758919960e-03
9.466662790094102810e-04
8.339800419551985462e-04
7.354473349239145242e-04
6.509178610784666563e-04
5.799299239047935690e-04
5.177665315568446723e-04
4.611694493464061012e-04
4.086641475026096706e-04
3.640700790232845817e-04
3.240380396268197462e-04
2.901123563892075096e-04
2.606511767953634327e-04
2.362855776612247678e-04
2.134103441078747949e-04
1.944040203566796030e-04
1.771103427329632834e-04
1.609819861810787573e-04
1.473908244432615272e-04
1.336392266421171414e-04
1.223153885517344174e-04
1.123381876745302888e-04
1.027805778734805958e-04
9.393673253985719996e-05
8.666766410247613830e-05
8.025773789605799137e-05
7.451904641519442412e-05
6.927291161706046853e-05
6.440508706483731821e-05
5.987494245995808736e-05
5.564836412564285909e-05
5.224186036554913278e-05
4.876602611018045143e-05
4.581150688214360452e-05
4.284784143757341105e-05
4.024766010583594834e-05
3.784733129318088225e-05
3.542963594164965079e-05
3.319649927496876539e-05
3.123034727780447896e-05
2.927053052709587634e-05
2.751432202785508707e-05
2.600668924580012110e-05
2.401854660742433795e-05
2.294425564676722646e-05
2.199991125702841342e-05
2.114328380100362665e-05
2.035583240805343319e-05
1.959775401181624663e-05
1.895743489512824589e-05
1.831286904884369139e-05
1.772830840958964215e-05
1.716923158580487230e-05
1.660861201214304571e-05
1.608858050271270136e-05
1.559084680983297702e-05
1.506214400900976888e-05
1.462582867264115697e-05
1.418762939335595344e-05
1.377317849671401535e-05
1.337552727168908208e-05
1.299484674746054191e-05
1.263649570578958636e-05
1.228542864867319710e-05
1.181993455767432039e-05
1.146375393415967610e-05
1.114548651457880583e-05
1.082942380370306114e-05
1.050351926356337897e-05
1.019141517515111242e-05
9.872302910350429475e-06
9.556773524569248297e-06
9.196085941636868470e-06
8.863974661445743944e-06
8.537910889572231777e-06
8.191111475233420715e-06
7.870979440797652265e-06
7.560628390430273198e-06
7.267361597769195282e-06
6.916449133963656469e-06
6.618042092928330116e-06
6.355969840764633237e-06
6.107425615482498367e-06
5.898899767739099850e-06
5.660542675676489810e-06
5.485182981439200566e-06
5.328212170882449904e-06
5.160270863728198709e-06
5.008493278312796519e-06
4.852305373788112503e-06
4.695520583481993933e-06
4.548848812971430751e-06
4.406120083980827890e-06
4.272722263911938280e-06
4.139184506389677955e-06
4.021538508303429951e-06
3.901084616830173503e-06
