6.382055878639221469e-02
6.264397501945495605e-02
6.105603575706482211e-02
5.905751585960387906e-02
5.668670535087585310e-02
5.401773452758788785e-02
5.113753676414489746e-02
4.826448559761047086e-02
4.554705619812011996e-02
4.291859567165375033e-02
4.037206768989563127e-02
3.810328245162963867e-02
3.619143664836883822e-02
3.452558219432830949e-02
3.305899202823638777e-02
3.167859017848968783e-02
3.021668195724487235e-02
2.857173383235931535e-02
2.682358920574188371e-02
2.502706050872802873e-02
2.331780642271041870e-02
2.190778255462646346e-02
2.078715413808822701e-02
1.990738064050674369e-02
1.924322545528411865e-02
1.873508691787719588e-02
1.832783222198486328e-02
1.794305294752120833e-02
1.749633252620697021e-02
1.697911173105239729e-02
1.650170534849166801e-02
1.616626977920532227e-02
1.596981585025787284e-02
1.586910337209701538e-02
1.581370830535888672e-02
1.578286141157150130e-02
1.576416343450546403e-02
1.575194001197815011e-02
1.574353426694869926e-02
1.573721319437026978e-02
1.573246568441390852e-02
1.572857201099395891e-02
1.572539806365966936e-02
1.572266668081283639e-02
1.572035551071166923e-02
1.571822613477706979e-02
1.571636646986007690e-02
1.571469157934188982e-02
1.571311354637145927e-02
1.571170538663864066e-02
1.571038216352462630e-02
1.570920795202255388e-02
1.570810526609420915e-02
1.570706516504287789e-02
1.570605486631393433e-02
1.570518165826797347e-02
1.570433825254440377e-02
1.570352017879485945e-02
1.570274084806442400e-02
1.570204794406891008e-02
1.570138484239578386e-02
1.570074558258056571e-02
1.570014059543609758e-02
1.569957733154296944e-02
1.569902747869491438e-02
1.569847911596298357e-02
1.569796800613403390e-02
1.569748669862747192e-02
1.569704413414001534e-02
1.569659113883972029e-02
1.569616049528121948e-02
1.569574326276779175e-02
1.569538563489913940e-02
1.569498628377914359e-02
1.569460779428482125e-02
1.569426506757736275e-02
1.569393128156661849e-02
1.569360792636871269e-02
1.569329798221587996e-02
1.569299250841140608e-02
1.569270938634872298e-02
1.569238901138305525e-02
1.569211781024932792e-02
1.569183915853500366e-02
1.569156050682067940e-02
1.569131910800933977e-02
1.569107025861739974e-02
1.569082140922546317e-02
1.569057554006576469e-02
1.569034904241561890e-02
1.569009125232696464e-02
1.568986475467681885e-02
1.568962782621383806e-02
1.568941026926040649e-02
1.568919718265533378e-02
1.568898111581802299e-02
1.568876057863235335e-02
1.568854302167892525e-02
1.568837016820907523e-02
1.568816155195236137e-02
