1.705071585518973254e-02
1.688122476850237308e-02
1.669790404183523966e-02
1.650754451751709068e-02
1.630507673536028129e-02
1.608388832637241972e-02
1.584648745400564843e-02
1.560114451817103814e-02
1.536160877772740040e-02
1.513651098523821105e-02
1.492050920213971836e-02
1.469720772334507514e-02
1.445783955710274772e-02
1.421140875135149320e-02
1.397281851087297730e-02
1.375017166137695347e-02
1.353963647569928798e-02
1.333200727190290112e-02
1.312232085636683837e-02
1.291334560939243897e-02
1.271192686898367681e-02
1.252089159829276009e-02
1.234281437737601121e-02
1.217612334660121351e-02
1.201408726828438918e-02
1.185245684215000678e-02
1.168964385986328083e-02
1.152316093444824205e-02
1.135428088051932197e-02
1.118558270590645949e-02
1.102009330477033387e-02
1.085839339665004184e-02
1.069876841136387438e-02
1.054137161799839628e-02
1.039026941571916801e-02
1.024680444172450418e-02
1.011239426476614849e-02
9.986220087323869135e-03
9.866718564714703835e-03
9.754229954310826220e-03
9.647709642137800370e-03
9.546494143349784287e-03
9.448542594909667414e-03
9.351223196302141730e-03
9.254056726183210874e-03
9.155391965593610848e-03
9.057786124093192281e-03
8.962939466748918657e-03
8.872791699000766655e-03
8.787573405674525134e-03
8.705280167715890791e-03
8.626011780330112427e-03
8.549380643027170226e-03
8.475584983825683663e-03
8.404646260397774515e-03
8.338773250579833637e-03
8.278629779815672995e-03
8.224078246525354935e-03
8.175380229949950894e-03
8.132534027099609306e-03
8.094397953578403443e-03
8.059797968183244135e-03
8.027352946145193194e-03
7.996302332196916079e-03
7.966489791870116563e-03
7.937811783381871003e-03
7.910464831760950777e-03
7.883748326982770172e-03
7.857471874782017210e-03
7.830172947474888304e-03
7.800984723227364671e-03
7.769308771405900906e-03
7.734259537288120517e-03
7.695594515119279742e-03
7.652491841997418817e-03
7.602971281324114212e-03
7.548033169337681030e-03
7.490980965750558031e-03
7.435321467263358158e-03
7.382581233978271693e-03
7.333380494798933183e-03
7.288728782108852035e-03
7.245898246765136719e-03
7.202555111476353564e-03
7.157621724264962536e-03
7.110921314784458998e-03
7.065858840942382951e-03
7.027031012943813111e-03
6.997047492436000125e-03
6.973899432591029388e-03
6.953609330313545965e-03
6.933198996952601861e-03
6.910263470241001342e-03
6.887181145804268864e-03
6.867769786289759995e-03
6.853266102927071599e-03
6.841823373522077333e-03
6.832448414393833998e-03
6.823901448931012428e-03
6.815447466714041197e-03
