1.185965538024902344e-02
9.272831678390502236e-03
7.355888684590657263e-03
5.907902121543883930e-03
4.767781992753346992e-03
3.920612235864003210e-03
3.272063533465067661e-03
2.784536778926849452e-03
2.405023574829101476e-03
2.101372430721918858e-03
1.830068478981653835e-03
1.610202466448148149e-03
1.418974498907724958e-03
1.260977362593015006e-03
1.126773779590924552e-03
9.761779258648554339e-04
8.608165507515270999e-04
7.500978807608286612e-04
6.447422007719675338e-04
5.436424786845842636e-04
4.545626540978749738e-04
4.034447794159253366e-04
4.104876580337683324e-04
1.484576923151811000e-04
1.277029514312744141e-04
1.086473309745391219e-04
9.124277470012505940e-05
7.532630115747451782e-05
6.157368576774994713e-05
4.966227958599726404e-05
3.944266354665160450e-05
3.075882171591122900e-05
2.339528485511740139e-05
1.724611890191833088e-05
1.230366275801012992e-05
8.435147659232219286e-06
5.601589509751647541e-06
3.483249990191931554e-06
2.030116714498338402e-06
1.136445644078776198e-06
6.909206301012697813e-07
5.063119715487119022e-07
5.084113278523242369e-07
5.103245105904836955e-07
5.120667386412000016e-07
5.136520485393703196e-07
5.150934157427399927e-07
5.164029668473328012e-07
5.175917370555301225e-07
5.186700339739520850e-07
5.196473769804773584e-07
5.205324972242427298e-07
5.213332163596836370e-07
5.220571741422948879e-07
5.227109189339292052e-07
5.233006959315388971e-07
5.238320833692948094e-07
5.243104169494472656e-07
5.247402441455051303e-07
5.251259911650170600e-07
5.254716597846708768e-07
5.257806454513532561e-07
5.260565255108910796e-07
5.263021497133498743e-07
5.265201859098548549e-07
5.267133019515313420e-07
5.268835593597031918e-07
5.270332621876149946e-07
5.271641687916901922e-07
5.272780375283522263e-07
5.273763235891238067e-07
5.274605427985079587e-07
5.275320290820672896e-07
5.275918738334439907e-07
5.276412290792601451e-07
5.276809436812376336e-07
5.277119877670581213e-07
5.277351495654632789e-07
5.277510960392343572e-07
5.277606154171129209e-07
5.277642533959200126e-07
5.277624950394965708e-07
5.277558254116835341e-07
5.277448508422821548e-07
5.277298744961929536e-07
5.277111995383165565e-07
5.276893110324939021e-07
5.276644515106454068e-07
5.276368028717115945e-07
5.276067895465530879e-07
5.275745328011302009e-07
5.275402751673633501e-07
5.275041379112129551e-07
5.274664241975794306e-07
5.274270733934826725e-07
5.273865099297836211e-07
5.273446125405219623e-07
5.273016843905983225e-07
5.272576042140523875e-07
5.272127358087648877e-07
