1.785661067281450612e-03
1.587511705500738992e-03
1.415857693978718424e-03
1.264233982988766363e-03
1.131506072623389078e-03
1.015126279422215059e-03
9.106128343514033850e-04
8.164354254092488555e-04
7.293715168322836015e-04
6.510365089135510767e-04
5.820416206760066231e-04
5.223953244941574982e-04
4.686275124549865918e-04
4.195142058389527708e-04
3.750327961253268195e-04
3.333280428445764966e-04
2.993511322087475312e-04
2.688523255554693355e-04
2.418946255264537804e-04
2.158718137070536624e-04
1.927309212208326420e-04
1.746187591925263372e-04
1.585301813403410605e-04
1.445881322225821860e-04
1.337129923714590926e-04
1.227830467645877059e-04
1.141324976093268832e-04
1.067955464324248717e-04
1.000500005570107288e-04
9.378716823578412440e-05
8.748191126090074739e-05
8.197095228492149409e-05
7.694690845840211038e-05
7.233693455678544076e-05
6.823207372300592397e-05
6.397859634099794797e-05
6.053895502451009212e-05
5.726145468153325462e-05
5.404775791768250527e-05
5.110997006080911345e-05
4.844511016147277953e-05
4.594244682396362710e-05
4.377563654478373439e-05
4.169782045729724583e-05
3.976065083406865759e-05
3.791722826073445435e-05
3.629186454678087428e-05
3.474281733360840062e-05
3.311972664960194596e-05
3.205682420230005018e-05
3.112953913971848517e-05
3.025490063009783544e-05
2.946032995428790041e-05
2.853836418840468726e-05
2.773391614547498403e-05
2.692030470955484938e-05
2.623325223664453617e-05
2.556511018026088054e-05
2.491007719072513242e-05
2.411996504503934090e-05
2.351590830845192817e-05
2.293478565531716169e-05
2.235389906023296365e-05
2.177403576102473489e-05
2.119795476963710418e-05
2.067742026805977580e-05
2.005196713331055842e-05
1.959108105178789344e-05
1.913672398326785506e-05
1.871116285786099368e-05
1.830443255520159730e-05
1.792650077342321786e-05
1.755556146235903806e-05
1.719626698364403746e-05
1.685605842275046231e-05
1.651601597196921274e-05
1.624369164346717284e-05
1.593320100905007736e-05
1.563867472473897958e-05
1.539849459991923534e-05
1.516641215338105524e-05
1.494190395273368043e-05
1.472347777702712528e-05
1.451734046505797310e-05
1.431906591668458925e-05
1.407424417266156450e-05
1.389684621764380256e-05
1.371704517493656506e-05
1.355443356130438411e-05
1.337805981165729490e-05
1.322402361568362816e-05
1.307383872959430147e-05
1.287983947154966048e-05
1.273601607473600406e-05
1.259705613587617159e-05
1.246090370321845824e-05
1.233154168013632911e-05
1.220990258973740460e-05
1.209097671692558908e-05
1.197965404831588147e-05
