1.699275697980608124e-02
1.682440825871059017e-02
1.664372307913643961e-02
1.645450932638985869e-02
1.625715391976492730e-02
1.605378150939941462e-02
1.584438664572579425e-02
1.562889439719063883e-02
1.540594032832554375e-02
1.517303943634033120e-02
1.493096487862723143e-02
1.467849799564906535e-02
1.441357680729457233e-02
1.413551466805594223e-02
1.384320735931396547e-02
1.353901045663016139e-02
1.322012356349400175e-02
1.289161409650530117e-02
1.255791051047188897e-02
1.222759587424141967e-02
1.191245147160121393e-02
1.161208220890590052e-02
1.132761274065290265e-02
1.105886118752615749e-02
1.080835240227835496e-02
1.058172396251133573e-02
1.038230930055890691e-02
1.020669528416224929e-02
1.005068949290684362e-02
9.906881536756242945e-03
9.771197182791574107e-03
9.640735898699079667e-03
9.517167976924350431e-03
9.401609216417585249e-03
9.294583797454833429e-03
9.195746694292341802e-03
9.104448727199008704e-03
9.021156515393938258e-03
8.946207932063510865e-03
8.879626478467668102e-03
8.819450991494314981e-03
8.764061587197440051e-03
8.710852350507463163e-03
8.657773562840052894e-03
8.602812971387591504e-03
8.545993055616105463e-03
8.489223548344203979e-03
8.434897490910121809e-03
8.384521348135812527e-03
8.337443215506418204e-03
8.294095311846052046e-03
8.254184382302420103e-03
8.217132432120187110e-03
8.182679244450159761e-03
8.150164399828229225e-03
8.118850844247000806e-03
8.088359832763672083e-03
8.057226794106619669e-03
8.023913928440639179e-03
7.987788064139229524e-03
7.949325697762625598e-03
7.910937581743512567e-03
7.872742925371442949e-03
7.834023407527378885e-03
7.794606004442487107e-03
7.753790787288120968e-03
7.711854321616036512e-03
7.668361323220389096e-03
7.624019895281110640e-03
7.578900882175990637e-03
7.532783917018345300e-03
7.487358365740094841e-03
7.444265910557338120e-03
7.405965328216552492e-03
7.372987610953194403e-03
7.343692779541015694e-03
7.316586290087018565e-03
7.290141582489013602e-03
7.263376372201101744e-03
7.236220155443464329e-03
7.209357193538120864e-03
7.182614803314208915e-03
7.155260017939975986e-03
7.128658975873674794e-03
7.104191780090331892e-03
7.083370685577392890e-03
7.066184452601841949e-03
7.052319049835205009e-03
7.040868146078927206e-03
7.030928816114153344e-03
7.021868910108293969e-03
7.012912205287388269e-03
7.003400325775146346e-03
6.992164679936000229e-03
6.977824143001011732e-03
6.958950247083391279e-03
6.935009956359863489e-03
6.907025745936802574e-03
6.878023488180977883e-03
6.851209572383335639e-03
