6.376155018806457797e-02
6.262254118919372003e-02
6.124377250671386719e-02
5.979152917861938615e-02
5.844289660453796248e-02
5.727133750915527205e-02
5.620523095130920688e-02
5.509937405586242537e-02
5.381628870964050293e-02
5.223553180694580356e-02
5.028771162033081332e-02
4.800988137722015520e-02
4.550966918468475619e-02
4.297557473182678223e-02
4.057740867137908658e-02
3.826073706150055070e-02
3.593802750110626498e-02
3.360520005226134976e-02
3.140462636947631558e-02
2.945280969142913957e-02
2.776061594486236433e-02
2.632787227630615373e-02
2.514419555664062361e-02
2.418333142995834212e-02
2.337729930877685547e-02
2.270333766937255790e-02
2.215667068958282471e-02
2.173609733581543038e-02
2.142096757888794015e-02
2.117752581834793021e-02
2.098111659288406233e-02
2.080740481615066598e-02
2.064074575901031494e-02
2.047049254179000854e-02
2.030076533555984566e-02
2.011783570051193376e-02
1.992982625961303711e-02
1.973280757665634225e-02
1.952995806932449410e-02
1.933225840330123763e-02
1.915436536073684623e-02
1.898775994777679443e-02
1.883633732795715263e-02
1.870110481977462630e-02
1.859021484851837089e-02
1.850563585758209159e-02
1.844240278005599906e-02
1.839437782764434884e-02
1.835751086473464896e-02
1.833027154207229545e-02
1.830856204032898019e-02
1.829180568456649850e-02
1.827865093946456909e-02
1.826801747083663802e-02
1.825923770666122367e-02
1.825182288885116716e-02
1.824571937322616577e-02
1.824045330286026140e-02
1.823615878820419173e-02
1.823240816593170097e-02
1.822910308837890486e-02
1.822620183229446342e-02
1.822366565465927124e-02
1.822153329849243025e-02
1.821952313184738159e-02
1.821776628494262834e-02
1.821618676185608049e-02
1.821469813585281303e-02
1.821338087320327828e-02
1.821215897798538277e-02
1.821104139089584420e-02
1.820996105670929024e-02
1.820898205041885515e-02
1.820807754993438582e-02
1.820719093084335188e-02
1.820644587278365950e-02
1.820564121007919173e-02
1.820492297410964896e-02
1.820422410964965890e-02
1.820358335971832345e-02
1.820299923419952531e-02
1.820239871740341256e-02
1.820186376571655135e-02
1.820136755704879900e-02
1.820081323385238509e-02
1.820030063390731812e-02
1.819985210895538191e-02
1.819935292005538802e-02
1.819894611835479875e-02
1.819853633642196794e-02
1.819814294576644828e-02
1.819770932197570940e-02
1.819730550050735474e-02
1.819693893194198470e-02
1.819658279418945312e-02
1.819623410701751848e-02
1.819587796926498344e-02
1.819555610418319841e-02
1.819524765014648299e-02
1.819492429494857719e-02
