1.331715087095896449e-02
1.129988729953765834e-02
9.613557656606038643e-03
8.279674748579660820e-03
7.149726152420043945e-03
6.190124650796254534e-03
5.408520003159841306e-03
4.771452148755391497e-03
4.222024480501810652e-03
3.749068826436996460e-03
3.344221164782841971e-03
3.031195451815923200e-03
2.766057103872299368e-03
2.618479728698730642e-03
2.498273303111394131e-03
2.386667579412460154e-03
2.278138448794682705e-03
2.168039977550506765e-03
2.055995166301727295e-03
1.943593348066011963e-03
1.831280564268430175e-03
1.722387224435806231e-03
1.616423452893892823e-03
1.513805612921714696e-03
1.415047297875086365e-03
1.319405312339464896e-03
1.226571823159853516e-03
1.136286060015360543e-03
1.048719013730684815e-03
9.632537762324015589e-04
8.799132580558458603e-04
7.992763072252273776e-04
7.207863032817840793e-04
6.450522691011428616e-04
5.719415222605069406e-04
5.024424133201440320e-04
4.257982596755027988e-04
3.642988391220569827e-04
3.067024362583955165e-04
2.535523381084203720e-04
2.050162603457768686e-04
1.620773226022720445e-04
1.258091224978367451e-04
9.552740957587956840e-05
7.156620267778635025e-05
5.368289227286974499e-05
4.089496020848552296e-05
2.801373872595528603e-05
1.613166241440921886e-05
1.270190405193716220e-05
1.035815997359653370e-05
8.818060935785372939e-06
8.086903835646808825e-06
6.612460614026834073e-07
6.639871571678668049e-07
6.664875400019810027e-07
6.687667943576040650e-07
6.708432920277118683e-07
6.727337677148170557e-07
6.744542891586510197e-07
6.760191051095413947e-07
6.774417973550346708e-07
6.787346743900949403e-07
6.799091958479645210e-07
6.809756693352634355e-07
6.819436142298703534e-07
6.828218829468823758e-07
6.836185396726553568e-07
6.843408603648033741e-07
6.849955752841196742e-07
6.855886870956358316e-07
6.861258952994831118e-07
6.866122930659912103e-07
6.870523672356890994e-07
6.874505440161253298e-07
6.878106432850473053e-07
6.881359998563614914e-07
6.884299485439744594e-07
6.886953997309319463e-07
6.889349606353789568e-07
6.891510565765201834e-07
6.893457490756796941e-07
6.895211602871616611e-07
6.896789879344093162e-07
6.898209297408659971e-07
6.899483196320943111e-07
6.900627340655773878e-07
6.901652644349572065e-07
6.902570627668561682e-07
6.903390991889561498e-07
6.904122831959588185e-07
6.904775242825659472e-07
6.905354287785787883e-07
6.905867849127389067e-07
6.906321383818673450e-07
6.906722167817254579e-07
6.907073232772138717e-07
6.907379429321736309e-07
6.907646214434255662e-07
6.907876013428904116e-07
