1.539816654154232576e-03
1.272854794348989276e-03
1.050319645021642948e-03
8.554438474987234369e-04
7.032059798283236615e-04
5.868300862078156162e-04
4.941723262891173319e-04
4.268925434111484410e-04
3.713130280708095798e-04
3.230993132871974854e-04
2.831868575179084563e-04
2.479684904288400574e-04
2.179494894348213896e-04
1.914735926363521573e-04
1.682679710224225102e-04
1.475491897326719492e-04
1.299641012805555749e-04
1.147495721826479506e-04
1.020069785304908064e-04
9.124620625048659268e-05
8.127170106100883471e-05
7.158367454264536855e-05
6.419889745172571130e-05
5.788137039546979219e-05
5.242222933182866750e-05
4.812249653046559914e-05
4.378987798320719790e-05
4.017846029065757254e-05
3.670220047492226187e-05
3.374940198487560799e-05
3.080499706681751553e-05
2.831274381086196898e-05
2.598374667286407338e-05
2.392209089521202394e-05
2.209855830187734560e-05
2.033288342967612763e-05
1.882804973060306857e-05
1.749988514737716721e-05
1.621723450885578254e-05
1.506803526613761597e-05
1.395315404936679592e-05
1.289544498571818425e-05
1.187980413695705906e-05
1.078340670184323699e-05
9.965430279927593992e-06
9.253086970732381461e-06
8.647429442914602741e-06
7.975129808203617208e-06
7.340740020091678386e-06
6.720533097645134556e-06
6.180196157531879160e-06
5.678250128247392756e-06
5.237237186780216044e-06
4.840609939752280059e-06
4.550339209734894795e-06
4.325675082717290337e-06
4.146829705860000510e-06
3.943992106932065537e-06
3.799838030837625923e-06
3.658897675060351055e-06
3.512884986776043780e-06
3.369696526403588756e-06
3.220110754357717402e-06
3.069566398283183959e-06
2.915473617447007859e-06
2.767209532196699908e-06
2.589326673582296202e-06
2.415570379525888898e-06
2.226325155528944182e-06
2.007424557502547690e-06
1.761331029358968523e-06
1.491359474000221690e-06
1.191611984592912275e-06
8.920799687725125449e-07
6.160871037406780406e-07
3.995017712960751416e-07
2.629265509312972321e-07
2.150539850325523097e-07
2.123307604051660873e-07
2.123634073671252828e-07
2.123914444902246676e-07
2.124152225795634455e-07
2.124350339727243483e-07
2.124511982921311331e-07
2.124639987804195054e-07
2.124736952932185660e-07
2.124805645767732304e-07
2.124848366033152843e-07
2.124867114616790659e-07
2.124864113284274925e-07
2.124841194017790343e-07
2.124800149821177405e-07
2.124742474864303453e-07
2.124669507403658466e-07
2.124583118399771352e-07
2.124483905520589473e-07
2.124373440892668324e-07
2.124252659996272890e-07
2.124122433347760523e-07
2.123983696427395942e-07
