3.729711286247233692e-02
3.724222171032215423e-02
3.718012739020540303e-02
3.711432142330862299e-02
3.704422697081895255e-02
3.697128125163905155e-02
3.689643367172202454e-02
3.682193609759630559e-02
3.675047089071834666e-02
3.668507834529632916e-02
3.662557431194178592e-02
3.656884288543935102e-02
3.651346148127485036e-02
3.645947156354899243e-02
3.640699874409629444e-02
3.635582655592037998e-02
3.630739831558578434e-02
3.626287318861393105e-02
3.622223166248682291e-02
3.618434140139528687e-02
3.614837190379267123e-02
3.611499818084795005e-02
3.608476841236319538e-02
3.605709783256511036e-02
3.603102362064449643e-02
3.600603235347191872e-02
3.598080144818786158e-02
3.595462540531402240e-02
3.592807069763807870e-02
3.590190136219229694e-02
3.587715217219594049e-02
3.585428350112017382e-02
3.583333803259808326e-02
3.581389380842828207e-02
3.579526423188426898e-02
3.577741759512430286e-02
3.576035755674552424e-02
3.574424875361840309e-02
3.572879301007751002e-02
3.571369702858693401e-02
3.569907788425455419e-02
3.568439898283585349e-02
3.566932190409706493e-02
3.565376250030439370e-02
3.563730186208739770e-02
3.562011133374460431e-02
3.560254396989827319e-02
3.558463574675342633e-02
3.556576104420225426e-02
3.554616132965478237e-02
3.552702564717558770e-02
3.550838509484020161e-02
3.548888416241501725e-02
3.546832894425257926e-02
3.544680663691762018e-02
3.542382272003252036e-02
3.539931926580951183e-02
3.537315602802559855e-02
3.534607326283174117e-02
3.531778011175677745e-02
3.528799486282231668e-02
3.525702666748515429e-02
3.522475540180645265e-02
3.519093837884380849e-02
3.515602560604319526e-02
3.512121466419580729e-02
3.508732873765404298e-02
3.505540564846809648e-02
3.502553930063077164e-02
3.499697846219972791e-02
3.496925361321100156e-02
3.494173608472585235e-02
3.491487100606074229e-02
3.488897728493146888e-02
3.486450309948543186e-02
3.484072160842778543e-02
3.481661023386298931e-02
3.479215251210400484e-02
3.476838626520103309e-02
3.474723042734443462e-02
3.472833743180765015e-02
3.471105787760156436e-02
3.469521859112907614e-02
3.467982809257019738e-02
3.466379490045025380e-02
3.464613729120825242e-02
3.462601561680474227e-02
3.460375061425406684e-02
3.458335576459879712e-02
3.456762684580615141e-02
3.455433089409947617e-02
3.454270021384939215e-02
3.453306042019973349e-02
3.452521577820448495e-02
3.451867786514789538e-02
3.451289667192932592e-02
3.450734475079704489e-02
3.450206905374746807e-02
3.449705311709352906e-02
3.449213230396475788e-02
