2.442168444395065221e-03
2.160881012678146206e-03
1.941185593605041426e-03
1.788039207458496076e-03
1.660285294055938729e-03
1.551389843225479048e-03
1.459876596927642874e-03
1.380905956029891950e-03
1.309342086315155125e-03
1.240311115980148246e-03
1.177341789007186994e-03
1.114734113216400051e-03
1.057886853814125156e-03
1.004827469587326076e-03
9.539448469877242869e-04
9.072643518447876454e-04
8.645062148571014231e-04
8.255631476640701771e-04
7.903089374303817836e-04
7.465933263301849192e-04
7.174701988697052089e-04
6.910536438226699395e-04
6.657066941261291461e-04
6.362275779247284239e-04
6.121311709284782106e-04
5.919867008924484296e-04
5.722496658563614108e-04
5.534760281443595756e-04
5.354410037398338535e-04
5.182374268770217462e-04
5.016971752047538671e-04
4.862427711486816515e-04
4.700331389904022130e-04
4.558791220188140696e-04
4.354536905884742975e-04
4.224722087383270415e-04
4.085047543048858773e-04
3.967184945940971288e-04
3.845670074224471981e-04
3.735828772187232950e-04
3.627572208642959378e-04
3.521726652979850943e-04
3.417842090129852295e-04
3.317434713244438410e-04
3.219723701477050890e-04
3.125723078846931653e-04
3.036433272063731952e-04
2.951853722333908124e-04
2.866040356457233342e-04
2.790136449038982348e-04
2.719052694737911203e-04
2.651868574321269729e-04
2.582700736820697828e-04
2.523647435009479674e-04
2.467632666230201526e-04
2.414500713348388748e-04
2.349017187952995192e-04
2.300139144062995889e-04
2.230953797698020903e-04
2.193469740450382135e-04
2.157600224018096902e-04
2.121184952557086945e-04
2.088707871735095869e-04
2.057538740336895065e-04
2.027475088834762671e-04
1.998902112245559790e-04
1.967113465070724596e-04
1.939669623970985434e-04
1.913195475935935866e-04
1.887298561632633339e-04
1.862361468374729232e-04
1.838318258523941159e-04
1.815413124859333038e-04
1.793834753334522323e-04
1.773317530751228235e-04
1.748777553439140298e-04
1.730675995349884152e-04
1.713365502655506145e-04
1.697071827948093523e-04
1.681409403681754990e-04
1.666356250643730294e-04
1.651763916015624892e-04
1.637571491301059669e-04
1.621896959841251243e-04
1.608206145465374058e-04
1.594853028655052261e-04
1.581627875566482544e-04
1.568464376032352328e-04
1.555484812706708941e-04
1.542952097952365886e-04
1.530751772224903118e-04
1.519163791090250026e-04
1.508020237088203452e-04
1.497444603592157494e-04
1.487359311431646260e-04
1.477793697267770897e-04
1.468663755804300373e-04
1.460005156695842613e-04
1.451758854091167569e-04
1.444036234170198365e-04
