2.049502690633138099e-02
2.046935955683390138e-02
2.044182300567626981e-02
2.041237115859985407e-02
2.038152058919270870e-02
2.034920215606689578e-02
2.031474908192952566e-02
2.027818838755289857e-02
2.023978153864542523e-02
2.019952058792114091e-02
2.015693664550781417e-02
2.011091947555541937e-02
2.006079912185668862e-02
2.000514268875121932e-02
1.994193553924560394e-02
1.987072070439656682e-02
1.978868881861368945e-02
1.969537496566772447e-02
1.958952267964680916e-02
1.946983973185221345e-02
1.933815002441406292e-02
1.919584274291992118e-02
1.904446363449096777e-02
1.888635873794555775e-02
1.872352679570515877e-02
1.855752070744832311e-02
1.839111566543578935e-02
1.822506507237752274e-02
1.806135654449463057e-02
1.789932727813720731e-02
1.773759603500366100e-02
1.757446924845377720e-02
1.740728855133056793e-02
1.723612070083618136e-02
1.705988168716430706e-02
1.687747955322265597e-02
1.668781995773315277e-02
1.649021784464518164e-02
1.628350178400675419e-02
1.606859207153320257e-02
1.585095326105753419e-02
1.563316583633422852e-02
1.541752735773722384e-02
1.520490805308024121e-02
1.499540964762369720e-02
1.478659470876057987e-02
1.457679033279418897e-02
1.436826149622599282e-02
1.415811777114868095e-02
1.394659360249837256e-02
1.373726169268290123e-02
1.353087067604064921e-02
1.333033084869384745e-02
1.313713550567626939e-02
1.295311848322550433e-02
1.277675350507100419e-02
1.260612209637959787e-02
1.243951956431070885e-02
1.227477510770162011e-02
1.211317300796508831e-02
1.195294578870137459e-02
1.179412563641865988e-02
1.163651545842488665e-02
1.147840499877929646e-02
1.132366855939229318e-02
1.117440303166707290e-02
1.103258450826009179e-02
1.089875062306721980e-02
1.077238678932189962e-02
1.065197269121805762e-02
1.053684314092000369e-02
1.042912960052490290e-02
1.033064007759094266e-02
1.024478713671366295e-02
1.016959508260091224e-02
1.010372201601664188e-02
1.004390319188435896e-02
9.989355405171712263e-03
9.939588308334350308e-03
9.892625411351522666e-03
9.848150014877319822e-03
9.805978139241536620e-03
9.766129652659098770e-03
9.729351600011188969e-03
9.695308605829873819e-03
9.664315780003865028e-03
9.633305072784424314e-03
9.603490829467773229e-03
9.574044545491535926e-03
9.544870456059773717e-03
9.515992800394694126e-03
9.486714204152424390e-03
9.457157055536905693e-03
9.425117572148641182e-03
9.394347667694091797e-03
9.363911151885985495e-03
9.333478212356567313e-03
9.305049975713094654e-03
9.278294245402017582e-03
9.252948363622030478e-03
