3.734149835298738312e-02
3.729237436943346612e-02
3.723957898366786479e-02
3.716997844178963201e-02
3.707444515374615224e-02
3.695514378950114087e-02
3.683353324070610946e-02
3.673492185295085255e-02
3.666403653371669291e-02
3.661142102897624317e-02
3.656756786434241929e-02
3.652668182197434110e-02
3.648697689671040467e-02
3.644906346450376561e-02
3.641307628368172650e-02
3.637691166089928457e-02
3.633844090239776031e-02
3.629679021323123367e-02
3.625238764926295987e-02
3.620559724090654380e-02
3.615725680690287658e-02
3.610907491210781084e-02
3.606251255630531921e-02
3.601886061451319010e-02
3.597755200417755012e-02
3.593661961957926587e-02
3.589438477440563130e-02
3.585014806684020533e-02
3.580566684303380931e-02
3.576311918780626653e-02
3.572238375768636842e-02
3.568318493835761357e-02
3.564307817717647653e-02
3.559852378142764479e-02
3.554442532532050419e-02
3.547771812399939939e-02
3.539770643424500207e-02
3.531264527069637865e-02
3.523447507482660446e-02
3.517126671188627873e-02
3.512160674385402664e-02
3.508293415274461174e-02
3.505140802134638217e-02
3.502469599399420097e-02
3.500054132603013651e-02
3.497649214761641007e-02
3.495032525123537709e-02
3.492098939998070778e-02
3.488916265385230003e-02
3.485612125347947038e-02
3.482308534100232722e-02
3.479040736127692740e-02
3.475711412746888135e-02
3.472150073331944919e-02
3.468250923449425760e-02
3.464001036056167659e-02
3.459694135524427755e-02
3.455399247386571615e-02
3.451123749813460317e-02
3.447112585882396857e-02
3.443518136163501581e-02
3.440470768667548002e-02
3.437771943524060847e-02
3.435357391376934327e-02
3.433196623916821150e-02
3.431212566697688926e-02
3.429443452059460079e-02
3.427881048158611804e-02
3.426472183383639375e-02
3.425129783123045946e-02
3.423765126396628028e-02
3.422197356553333819e-02
3.420355191925907035e-02
3.418409488999935020e-02
3.416475859444464275e-02
3.414687354241490586e-02
3.413087327766906043e-02
3.411654560157405258e-02
3.410409295650394107e-02
3.409347631742277313e-02
3.408397798952848834e-02
3.407519491737150824e-02
3.406661977548428727e-02
3.405805560938842541e-02
3.404926643956957683e-02
3.404012726395941324e-02
3.403043746948242188e-02
3.402026778901629661e-02
3.400974688322647849e-02
3.399926927083593564e-02
3.398916239628706204e-02
3.397936894155829252e-02
3.396961146303455192e-02
3.395941251379144821e-02
3.394819708431467964e-02
3.393519077154681651e-02
3.391912221298803293e-02
3.389841943140834563e-02
3.387147935150224692e-02
3.383698792713682457e-02
