1.570997749056134802e-03
1.235907844134739387e-03
9.583336593849318703e-04
7.274781540036201217e-04
5.282888827579362151e-04
3.686903430415051095e-04
2.481974182384354979e-04
1.610540236911869448e-04
1.034137525545832326e-04
6.775539208319969258e-05
4.682312754864272460e-05
3.210767939370790712e-05
2.315551714023708068e-05
1.732316489713931875e-05
1.349338866670482927e-05
8.714857114162960939e-06
6.622259310721086870e-06
5.393394530983641744e-06
3.474748352475996531e-06
2.554156340660743357e-06
2.187364823060176601e-06
2.052285295316583588e-06
1.468649410786123750e-06
1.352196020109529103e-06
1.248477719855145568e-06
1.617364871760530885e-06
1.307819037330253615e-06
1.011834230147152566e-06
1.112173061171363578e-06
7.717971259678181672e-07
7.206138031636198953e-07
9.960801630118762675e-07
8.057614884039919751e-07
6.708583116830725422e-07
5.936949466039160811e-07
5.329618436787443266e-07
5.074702507304859626e-07
4.848607217614439044e-07
4.695893858297495087e-07
4.488567745803655957e-07
4.347999778734187366e-07
4.231064329880089907e-07
4.118430738994253140e-07
3.812027755754700617e-07
3.730954072774953396e-07
3.657641796702851559e-07
3.586787559990105797e-07
3.516584872288928972e-07
3.452844612183980898e-07
3.390614165255101144e-07
3.334311518951186188e-07
3.285378768071366105e-07
3.237671821157813985e-07
3.197276068281748335e-07
3.160007262132629483e-07
3.125088967083553923e-07
3.092507202901677700e-07
3.062882530814801630e-07
3.036684224103477702e-07
3.009586206254815668e-07
2.984394788135042895e-07
2.960706790742863296e-07
2.938116072722810317e-07
2.917667539544969159e-07
2.898965197216187020e-07
2.880222057553640364e-07
2.863188521067578657e-07
2.845958351826993685e-07
2.829992705041409658e-07
2.813716959540865218e-07
2.799928695042451051e-07
2.784357859906906949e-07
2.771588229474478462e-07
2.759409705634295275e-07
2.747093536267389858e-07
2.598661805157981955e-07
2.587998928252740406e-07
2.578027981923826535e-07
2.569557467982771682e-07
2.561484000450166713e-07
2.553297144913813015e-07
2.545035710811914359e-07
2.537678925104306352e-07
2.530460824345936872e-07
2.522294029664148601e-07
2.514945377437730444e-07
2.509751474073189931e-07
2.502672902794853965e-07
2.497000254412081900e-07
2.490824785387043717e-07
2.484888890259234071e-07
2.479452372686605078e-07
2.474315455661521423e-07
2.469297838355747176e-07
2.467953488251493473e-07
2.459787213280963085e-07
2.455077680809024289e-07
2.450244496035988530e-07
2.445106695501765944e-07
2.441286116144120708e-07
