3.735345159955037048e-02
3.732994999117253410e-02
3.729774579977440663e-02
3.726084579897048776e-02
3.722269455795092913e-02
3.718559516360387535e-02
3.715026226190044911e-02
3.711549400368614748e-02
3.708109648331352204e-02
3.704649774009919488e-02
3.701176179949280248e-02
3.697602828140453962e-02
3.693912218293875227e-02
3.690006239030062252e-02
3.685970135661952030e-02
3.681996533328005250e-02
3.678281349904092418e-02
3.674849402874022508e-02
3.671587336703639737e-02
3.668495456276037181e-02
3.665553395400571873e-02
3.662778044600620980e-02
3.660152879212518612e-02
3.657650337804613933e-02
3.655247737074752284e-02
3.652933796348474538e-02
3.650632477782266710e-02
3.648274329007434452e-02
3.645879411331527653e-02
3.643500652459576161e-02
3.641178357936537130e-02
3.638878868668890543e-02
3.636557976608081194e-02
3.634179217736129702e-02
3.631723384418145822e-02
3.629155232168524564e-02
3.626412442882957082e-02
3.623436600960733972e-02
3.620265389952208313e-02
3.617021189931103609e-02
3.613860405924375352e-02
3.610843892597481730e-02
3.608003601698619306e-02
3.605312093749375724e-02
3.602732599848676442e-02
3.600242314741129712e-02
3.597714407059847408e-02
3.595047411711319724e-02
3.592286024557050234e-02
3.589764763327205760e-02
3.587595459140475312e-02
3.585548413074229890e-02
3.583493135164460969e-02
3.581342672752907408e-02
3.579096050213669694e-02
3.576860098582704262e-02
3.574754575939129847e-02
3.572804665626467396e-02
3.570923475963075355e-02
3.568985212184584005e-02
3.566928165952872737e-02
3.564795203830884579e-02
3.562690534859971891e-02
3.560710197214580347e-02
3.558871203371326286e-02
3.557156235970499597e-02
3.555525965093041946e-02
3.553931121631046658e-02
3.552311643615098380e-02
3.550617408264628710e-02
3.548904514068837446e-02
3.547345890718348049e-02
3.546013856482932436e-02
3.544814202486706173e-02
3.543696683995863767e-02
3.542617092961850706e-02
3.541584880760563492e-02
3.540581144640207734e-02
3.539604360185315962e-02
3.538658003063153284e-02
3.537740792764727110e-02
3.536852180500469484e-02
3.535981312432252832e-02
3.535113798078063502e-02
3.534253722871356224e-02
3.533397428215007130e-02
3.532534365153983114e-02
3.531653801803393694e-02
3.530753725934821646e-02
3.529836454659776579e-02
3.528888390192290447e-02
3.527870568473016194e-02
3.526734208206996207e-02
3.525453516284523386e-02
3.524047456434011016e-02
3.522673531261551194e-02
3.521445523137631956e-02
3.520391969119801567e-02
3.519493478643315187e-02
3.518713160853861877e-02
