1.394012038196836131e-03
1.049538148300988277e-03
7.837976941040584403e-04
6.063243054917879984e-04
4.766918452722685817e-04
3.780197139297212768e-04
3.076844130243574084e-04
2.496084517666271587e-04
2.059450758887188871e-04
1.737396512180566777e-04
1.462325480367456150e-04
1.228451476033244811e-04
1.054529173831854550e-04
9.254236672339695251e-05
8.156496765358107678e-05
7.353937918586390282e-05
6.562720177628632637e-05
5.777566664619371403e-05
5.134194415794419151e-05
4.552876305491995848e-05
4.168185834974532826e-05
3.855682207618623959e-05
3.509135623452104156e-05
3.216775067422921743e-05
2.968229749967576787e-05
2.716753049753606292e-05
2.500174321539816352e-05
2.323744054852535840e-05
2.138690679203136756e-05
1.992337375538357156e-05
1.896214037385236917e-05
1.757778286316481891e-05
1.611963848387988824e-05
1.507141426243054228e-05
1.364175649151937712e-05
1.281226345132121756e-05
1.180613214663545837e-05
1.082044148591064281e-05
9.916670249887310457e-06
8.667775353907407869e-06
7.502695066900092644e-06
6.195728149447989130e-06
4.785338894310240646e-06
3.599931837275757309e-06
2.482451117040389892e-06
1.931174631733613771e-06
1.696923349559905828e-06
1.474797076558128887e-06
1.278988921902574906e-06
1.026405872315600822e-06
8.585251686911630499e-07
6.996764048900721813e-07
6.283676858791815280e-07
5.181284099567814119e-07
4.573223330745739593e-07
4.401790465635713020e-07
4.855333489623652735e-07
4.093371015707296918e-07
3.962839400628581537e-07
3.848524985577179558e-07
3.779165152601698187e-07
3.641570141813384986e-07
3.546938335473117047e-07
3.455983226428673273e-07
3.369435372795643533e-07
2.893271604469711124e-07
2.837321023564852130e-07
2.785622616231973676e-07
2.734924393215416501e-07
2.685236748740343044e-07
2.969907862799508016e-07
2.197503895981104258e-07
2.177035691732141614e-07
2.155833421316596534e-07
2.430554871222869354e-07
2.400651984706720712e-07
2.094559827777889639e-07
2.075228725776209467e-07
2.367990600760094885e-07
2.296614236131842567e-07
2.021436583683160679e-07
2.005059364559461508e-07
1.989819299654170333e-07
1.976435253579568550e-07
1.724938062709822713e-07
1.724812084700845794e-07
1.724673945448427780e-07
1.724524606418396813e-07
1.724365133018831556e-07
1.724196434744434099e-07
1.724019239190966007e-07
1.723834377896439896e-07
1.723642370572114179e-07
1.723444048756001733e-07
1.723239880188235185e-07
1.723030410565635575e-07
1.722816081642771841e-07
1.722597361159776873e-07
1.722374664885657241e-07
1.722148278661604517e-07
