2.083480119705200320e-02
2.065802608217511688e-02
2.040618998663766212e-02
2.011734894343784885e-02
1.979605027607509241e-02
1.945747511727469181e-02
1.912681170872279623e-02
1.879865407943725683e-02
1.847527163369315148e-02
1.816644566399710364e-02
1.787308999470301960e-02
1.758865288325718590e-02
1.731198293822152137e-02
1.704594407762799815e-02
1.678956678935459787e-02
1.654388070106506403e-02
1.631263273102896705e-02
1.609951581273760118e-02
1.590064593723842026e-02
1.571129849978855630e-02
1.552920103073120173e-02
1.535230176789420010e-02
1.518417579787118173e-02
1.502974390983581598e-02
1.488691926002502428e-02
1.475219368934631292e-02
1.463025467736380446e-02
1.452606575829642165e-02
1.443327392850603415e-02
1.434404815946306415e-02
1.425428850310189385e-02
1.416436467851911289e-02
1.407844339098249242e-02
1.399950555392674018e-02
1.392870136669703898e-02
1.386528151375906841e-02
1.380696671349661633e-02
1.375256606510707330e-02
1.369984354291643378e-02
1.364435025623866524e-02
1.358834556170872288e-02
1.353561605725969556e-02
1.348941019603184209e-02
1.345219884599958143e-02
1.342375142233712300e-02
1.339853354862758153e-02
1.337467244693211176e-02
1.335177183151245103e-02
1.332689387457711323e-02
1.329658474240984212e-02
1.326235498700823086e-02
1.322803889002118795e-02
1.319290808268955804e-02
1.316321202686854784e-02
1.313827872276306097e-02
1.311896017619541659e-02
1.310548782348632847e-02
1.309597117560250441e-02
1.308711409568786600e-02
1.307742714881897014e-02
1.306588275091988618e-02
1.305297596114022435e-02
1.304165652820042133e-02
1.303157721246991918e-02
1.302022797720772847e-02
1.300640276500156928e-02
1.299126761300223136e-02
1.297914981842041016e-02
1.297027502741132481e-02
1.296082173074994751e-02
1.295122657503400450e-02
1.294218114444187738e-02
1.293379800660269564e-02
1.292581677436828620e-02
1.291726095335824116e-02
1.290556056158883268e-02
1.288993562970842596e-02
1.287138410976954896e-02
1.285888041768755256e-02
1.285163862364632759e-02
1.284343991960797994e-02
1.283381938934326227e-02
1.282700845173427064e-02
1.282177277973720053e-02
1.281574044908796034e-02
1.281070385660443983e-02
1.280474594661167725e-02
1.279696430478777236e-02
1.278810841696602883e-02
1.277949810028076137e-02
1.277319329125540560e-02
1.276854872703552315e-02
1.276382667677743166e-02
1.275811127253941198e-02
1.275126951081412101e-02
1.274324979100908625e-02
1.273595605577741360e-02
1.272974780627659369e-02
1.272266609328133805e-02
1.271691134997776640e-02
