8.636051927294049330e-03
8.016016142708914938e-03
7.427851472582135822e-03
6.864750044686453515e-03
6.321872983660016369e-03
5.796652180807931355e-03
5.292504685265677494e-03
4.808991295950752927e-03
4.348602805818830089e-03
3.912755761827741048e-03
3.502334867204938678e-03
3.120147500719342923e-03
2.761455093111310662e-03
2.434579900332859564e-03
2.137912937573024051e-03
1.873707090105329294e-03
1.643470142568860754e-03
1.441364330904824475e-03
1.268919642482485045e-03
1.118499636650085527e-03
9.853800492627279046e-04
8.719877898693084804e-04
7.742205262184142719e-04
6.933217176369257939e-04
6.225157209805079602e-04
5.604749705110277039e-04
4.998441146952765446e-04
4.478794495974268192e-04
3.961672527449471536e-04
3.455889970064163078e-04
3.057201313120977990e-04
2.697495637195450650e-04
2.347824190344129384e-04
1.992333361080714639e-04
1.647096819111279042e-04
1.419169642031192714e-04
1.226406171917915214e-04
1.040264258959463682e-04
8.934553845652511476e-05
7.663420933697905123e-05
6.586733806346144584e-05
5.586735904216766601e-05
4.779324866831302697e-05
3.939046125326837560e-05
3.333804596747671052e-05
2.893496437796524550e-05
2.346333249339035631e-05
2.061347942799329785e-05
1.834967506251164793e-05
1.656375226697751497e-05
1.495699730834790701e-05
1.388674269297293320e-05
1.302662737933652813e-05
1.235902043325560370e-05
1.049965121118085654e-05
1.006773573213389960e-05
9.660248012681091944e-06
9.278046366359505976e-06
8.919517443116222835e-06
8.576396752947143591e-06
8.256807424394148269e-06
7.949605683929153270e-06
7.647282244371517119e-06
7.367471366056374146e-06
7.104551685707910001e-06
6.848197829510484302e-06
6.609966013846653144e-06
6.382982745500547453e-06
6.176858774519392824e-06
5.982676520943642001e-06
5.797474046370812447e-06
5.634922002043042845e-06
5.472688935697078806e-06
5.326728569343686104e-06
5.198131548240780898e-06
5.080730853868381901e-06
4.967450097735438907e-06
4.862216800185186566e-06
4.761040992369609041e-06
4.670654140811945561e-06
4.583076307816164452e-06
4.494093175578330598e-06
4.412615422292479781e-06
4.339469347282180132e-06
4.261735094977276792e-06
4.190493657785867126e-06
4.120034864172339643e-06
4.048821366658168204e-06
3.985789537961993608e-06
3.925022403044359710e-06
3.868582425639033622e-06
3.808196467746581420e-06
3.752129268832504546e-06
3.699242869125945390e-06
3.647491768268602208e-06
3.600124702123658852e-06
3.551684785634279437e-06
3.509384530064250642e-06
3.463893164215343482e-06
3.421926438542349041e-06
