6.201485991477966031e-02
6.129197478294372281e-02
6.054558753967285295e-02
5.977970957756042342e-02
5.902254581451416016e-02
5.827927589416503906e-02
5.757398009300231795e-02
5.691267251968383512e-02
5.628797411918640137e-02
5.567051172256469449e-02
5.504197478294372420e-02
5.437315106391906600e-02
5.366274714469909668e-02
5.290456414222717563e-02
5.209741592407226424e-02
5.125565528869628629e-02
5.040513873100280900e-02
4.957156181335449496e-02
4.876306653022766113e-02
4.798946380615234236e-02
4.724425971508026262e-02
4.653080105781555453e-02
4.581471979618072232e-02
4.509293735027312955e-02
4.433552920818328857e-02
4.352256357669830045e-02
4.262660443782806396e-02
4.163671433925628801e-02
4.056315422058105746e-02
3.942624032497406283e-02
3.823423087596893033e-02
3.702719211578368863e-02
3.581431508064270020e-02
3.460113108158111711e-02
3.338639438152313232e-02
3.218280076980591098e-02
3.099345266819000105e-02
2.987220883369445801e-02
2.883655726909637590e-02
2.790679633617400984e-02
2.707565724849701067e-02
2.633793950080871513e-02
2.566088140010833879e-02
2.503940463066101074e-02
2.446355670690536499e-02
2.392157614231109689e-02
2.340234816074371338e-02
2.288727760314941337e-02
2.236087769269943376e-02
2.180241346359252860e-02
2.121388912200927734e-02
2.060384601354598930e-02
1.998991817235946586e-02
1.940099447965621879e-02
1.886447817087173393e-02
1.838282793760299613e-02
1.794812828302383423e-02
1.754727363586425920e-02
1.717802137136459351e-02
1.684961318969726424e-02
1.657065153121948381e-02
1.634530276060104301e-02
1.617311984300613334e-02
1.604919731616973738e-02
1.596204489469528129e-02
1.589974015951156616e-02
1.585550755262375017e-02
1.582324653863906999e-02
1.579983085393905570e-02
1.578246653079986433e-02
1.576945632696151803e-02
1.575935930013656547e-02
1.575165539979934623e-02
1.574528962373733521e-02
1.574019789695739815e-02
1.573594063520431657e-02
1.573236882686614851e-02
1.572937965393066476e-02
1.572681963443756104e-02
1.572459191083908081e-02
1.572259664535522600e-02
1.572087556123733659e-02
1.571934670209884644e-02
1.571794599294662476e-02
1.571674197912216117e-02
1.571561545133590837e-02
1.571459323167800903e-02
1.571366786956786971e-02
1.571281552314758231e-02
1.571200937032699724e-02
1.571128815412521293e-02
1.571056097745895247e-02
1.570992022752761702e-02
1.570934951305389543e-02
1.570874899625778268e-02
1.570819169282913069e-02
1.570767462253570487e-02
1.570718139410019060e-02
1.570669859647750785e-02
1.570628136396408012e-02
