5.438951849937438687e-02
4.260995388031005998e-02
3.242147266864776889e-02
2.437290400266647200e-02
1.799212843179702828e-02
1.285105794668197667e-02
8.994891494512557290e-03
5.976583063602447683e-03
3.789830207824707205e-03
2.146329544484615152e-03
1.147129852324724241e-03
6.374377291649580436e-04
2.781114540994167545e-04
5.858212825842201981e-05
4.560498382488731083e-07
4.719951448350912172e-07
4.864948095928411507e-07
4.996870757167926058e-07
5.116954980621813077e-07
5.226306711847428232e-07
5.325916845322353765e-07
5.416676685854327145e-07
5.499389772012364543e-07
5.574779152084374377e-07
5.643501026497688144e-07
5.706147476303158751e-07
5.763258286606287160e-07
5.815320491819875315e-07
5.862779289600439581e-07
5.906039405090268913e-07
5.945469183643581346e-07
5.981402409815928179e-07
6.014146492816508028e-07
6.043981557013467378e-07
6.071160896681248718e-07
6.095918251958210445e-07
6.118465080362511587e-07
6.138995104265632320e-07
6.157686584629118866e-07
6.174700502015184611e-07
6.190184649312868714e-07
6.204274086485384244e-07
6.217092050064820796e-07
6.228751317394198426e-07
6.239353297132766086e-07
6.248993940971559125e-07
6.257756922423141289e-07
6.265721367526566398e-07
6.272958216868574223e-07
6.279532954067689874e-07
6.285503786784829148e-07
6.290926194196799982e-07
6.295848834270145956e-07
6.300316726992605466e-07
6.304371254373108545e-07
6.308049250947078478e-07
6.311385277513182002e-07
6.314409802143927240e-07
6.317151473922422367e-07
6.319635758700315333e-07
6.321886758087203330e-07
6.323924480966524941e-07
6.325769390969071114e-07
6.327438313746824437e-07
6.328948074951767498e-07
6.330312771751778200e-07
6.331546956062083640e-07
6.332660632324405226e-07
6.333666078717214563e-07
6.334574209176935679e-07
6.335391390166478443e-07
6.336128080874914515e-07
6.336790647765155882e-07
6.337386821542168460e-07
6.337922513921511867e-07
6.338402272376697087e-07
6.338832918117987416e-07
6.339217634376836729e-07
6.339561878121457570e-07
6.339867923088604373e-07
6.340140316751786000e-07
6.340382697089807638e-07
6.340596428344724276e-07
6.340785603242693469e-07
6.340951131278415718e-07
6.341096650430699387e-07
6.341222160699544474e-07
6.341330845316405916e-07
6.341424978018040261e-07
6.341504104057094082e-07
6.341570951917674181e-07
6.341625066852430305e-07
6.341670086840167642e-07
6.341705102386185688e-07
6.341730568237835753e-07
6.341749667626572773e-07
6.341760581562993624e-07
6.341765583783853799e-07
6.341764219541800928e-07
6.341756943584187380e-07
