1.387473036135945977e-03
1.244946728859628931e-03
1.120735449450356580e-03
1.006969011255672963e-03
9.023620507546833112e-04
8.037797840578215060e-04
7.111272269061633296e-04
6.260834075510501341e-04
5.509643815457820892e-04
4.827836847731045147e-04
4.211083626640694643e-04
3.664355592003890353e-04
3.168015195322888443e-04
2.743238263896533588e-04
2.390182470636708397e-04
2.070993411221674636e-04
1.808847540191241548e-04
1.572561047838202518e-04
1.377003363865826916e-04
1.206463061472667138e-04
1.064382383732923504e-04
9.377187051411186550e-05
8.326559335858162549e-05
7.357566471910103722e-05
6.520419450160780731e-05
5.766098788756478173e-05
5.084131848239589524e-05
4.511172625175926767e-05
4.009145784688631194e-05
3.539072547157826981e-05
3.125025458627663487e-05
2.746289153167578742e-05
2.372795764521080285e-05
2.096711442261169287e-05
1.853354204805717615e-05
1.629936202984286594e-05
1.428923156968916631e-05
1.249042170716815547e-05
1.104135325866601727e-05
9.635668198565585887e-06
8.252676839869568405e-06
7.293531650377969778e-06
6.507281879229204952e-06
5.843563727207116149e-06
5.647610136553079761e-06
4.732853740279096873e-06
4.271177871747308113e-06
3.844378500486657197e-06
3.405456032591505985e-06
3.061464264776856905e-06
2.769849221035006466e-06
2.423215384104488555e-06
2.244417963603544538e-06
2.071698768954125209e-06
1.899104047749590616e-06
2.007396461911931992e-06
1.593381787513083394e-06
1.557864759109049463e-06
1.325332707762884455e-06
1.230572730232129899e-06
1.085922792429170990e-06
9.315424358646850948e-07
8.059888984592232061e-07
6.896013941773812014e-07
5.886819261442204351e-07
5.116488136991392355e-07
4.469525421362569740e-07
4.305266910315757391e-07
4.227091423152680080e-07
4.220060613338968508e-07
4.080472379947813149e-07
4.015113154309801630e-07
4.017540153914264322e-07
3.894912905317531460e-07
3.843609504526414769e-07
3.797424350133431806e-07
3.752329809815689531e-07
3.716039152225546043e-07
3.676717278722208226e-07
3.641759446639168385e-07
3.611713743469278658e-07
3.582635638719823961e-07
3.558593198249582392e-07
3.535768389286074461e-07
3.513378292804450725e-07
3.493165032913176866e-07
3.474695482249704441e-07
3.461251929236043740e-07
3.447302567240382768e-07
3.436694610822347329e-07
3.425073893075542942e-07
3.415461859341511488e-07
3.407180234457233198e-07
3.399312039878817913e-07
3.393449540973441406e-07
3.387582468608992876e-07
3.381569357381002793e-07
3.377505864981295662e-07
3.374786475822994606e-07
3.370443768549843610e-07
