2.089441878455025950e-02
2.079942328589303238e-02
2.064156770706176633e-02
2.046039308820452041e-02
2.030168601444789361e-02
2.014546155929565485e-02
1.997015953063964802e-02
1.981232540948050375e-02
1.966662236622401805e-02
1.952041421617780464e-02
1.937893322535923571e-02
1.922449656895228870e-02
1.905653306416102769e-02
1.887866667338779919e-02
1.869896854673113243e-02
1.852396079472132945e-02
1.836145571299961643e-02
1.820927722113473146e-02
1.805810298238481881e-02
1.790246691022600450e-02
1.774570362908499746e-02
1.759068386895315875e-02
1.743864144597734658e-02
1.729236160005841877e-02
1.715543678828648083e-02
1.703043018068586129e-02
1.691559178488595203e-02
1.680752141135079605e-02
1.670252987316676527e-02
1.660037687846592502e-02
1.650062578065054908e-02
1.640340209007263086e-02
1.631540213312421619e-02
1.623913083757673112e-02
1.617112023489815711e-02
1.610873716218130802e-02
1.605030894279479980e-02
1.599119441849844794e-02
1.592979669570922935e-02
1.587093029703412830e-02
1.581638642719813623e-02
1.576498270034790150e-02
1.571742347308567600e-02
1.567489624023437472e-02
1.563576647213527071e-02
1.559806500162397129e-02
1.555903468813214958e-02
1.551695942878723172e-02
1.547566873686654146e-02
1.544240031923566590e-02
1.541494488716125405e-02
1.538475155830383231e-02
1.534600956099374004e-02
1.530140961919512071e-02
1.525981238910130086e-02
1.522143346922738213e-02
1.518370168549673833e-02
1.514965517180306628e-02
1.511880261557442887e-02
1.508308870451790899e-02
1.504167897360665467e-02
1.499984349523271823e-02
1.495861308915274503e-02
1.492191672325134284e-02
1.489110282489231572e-02
1.486199327877589689e-02
1.483393737248011983e-02
1.481194359915597066e-02
1.479116780417306064e-02
1.476915768214634439e-02
1.474471075194222665e-02
1.471605896949768066e-02
1.468245880944388237e-02
1.464734315872192466e-02
1.461461237498692077e-02
1.458709342139107891e-02
1.455910001482282369e-02
1.453209519386291539e-02
1.450673290661403173e-02
1.448658806937081454e-02
1.446760705539158406e-02
1.444828254835946180e-02
1.442731278283255515e-02
1.440592970166887539e-02
1.438175984791346951e-02
1.435559153556823647e-02
1.433380569730486123e-02
1.431595070021493034e-02
1.429878081594194647e-02
1.428092428616115073e-02
1.426084075655256050e-02
1.423847811562674315e-02
1.421665140560695109e-02
1.419791085379464371e-02
1.418167625154767748e-02
1.416366406849452371e-02
1.414300015994480672e-02
1.412170120647975383e-02
1.410184809139796748e-02
1.408084733145577652e-02
