2.087529488972255168e-02
2.080770765032087175e-02
2.072808095387049937e-02
2.063892194202968100e-02
2.054443257195608802e-02
2.044470139912196727e-02
2.033766508102417131e-02
2.022267852510724676e-02
2.010001080376761298e-02
1.997144051960536570e-02
1.983938319342477136e-02
1.970518623079572235e-02
1.957031999315534190e-02
1.943361214229038722e-02
1.929260764803205144e-02
1.914604663848876870e-02
1.899277278355189849e-02
1.883323873792375897e-02
1.866780860083443877e-02
1.849738972527640093e-02
1.832407712936401367e-02
1.815082720347813150e-02
1.797973019736153616e-02
1.781213283538818359e-02
1.765051637377057850e-02
1.749554634094238267e-02
1.734567846570696237e-02
1.719874637467520492e-02
1.705372588975088977e-02
1.691158652305603180e-02
1.677249687058585126e-02
1.663702760423932739e-02
1.650157655988420888e-02
1.636453322001866009e-02
1.622855271611894912e-02
1.609829664230346541e-02
1.597718494279044138e-02
1.586521233831133040e-02
1.576164875711713598e-02
1.566482237407139377e-02
1.557320186070033398e-02
1.548653227942330471e-02
1.540500521659851109e-02
1.532889979226248652e-02
1.525969965117318292e-02
1.519664304597037260e-02
1.513637287276131844e-02
1.507664544241768892e-02
1.501714655331202845e-02
1.495841111455644898e-02
1.490046347890581352e-02
1.484278491565159397e-02
1.478598679815019794e-02
1.472973636218479626e-02
1.467298831258501308e-02
1.461580310549054872e-02
1.456070406096322128e-02
1.451105935232979878e-02
1.446708815438406751e-02
1.442619357790265837e-02
1.438806823321751166e-02
1.435288872037615050e-02
1.431919864245823418e-02
1.428547195025852735e-02
1.424786193030221082e-02
1.420357840401785705e-02
1.415800639561244460e-02
1.411874226161411762e-02
1.408708657537187901e-02
1.406054036957877021e-02
1.403611949511936706e-02
1.401128513472420754e-02
1.398491484778268019e-02
1.395711609295436327e-02
1.392835923603602880e-02
1.389803835323878689e-02
1.386652077947344089e-02
1.383474605424063475e-02
1.380332708358764614e-02
1.377382074083600798e-02
1.374665294374738389e-02
1.372131466865539502e-02
1.369960444314139228e-02
1.368275591305324022e-02
1.366918921470642104e-02
1.365565521376473600e-02
1.363986986024039172e-02
1.362145015171595946e-02
1.360192707606724255e-02
1.358322943959917352e-02
1.356660979134695875e-02
1.355199490274701726e-02
1.353747384888785189e-02
1.352057780538286520e-02
1.350040316581726033e-02
1.347942590713500921e-02
1.345988920756748669e-02
1.344203369958060085e-02
1.342535342488970079e-02
1.340959804398672919e-02
